creps0 0.468981481481481  0.027404491777810  0.001001908683378  0.000100917443537  0.036450659784457  0.885137510317229  0.924776251935692
creps1wk 0.493777777777778  0.125063235320057  0.081859159006766  0.036012851441882  0.044153556074721  0.883149656547257  0.926523886625491
creps2wk 0.499537037037037  0.169238539238539  0.156848968535960  0.154894809233070  0.198008613636403  0.874145295882138  0.924736918236899
creps3wk 0.400000000000000  0.185659739775963  0.169280333068993  0.230100351217173  0.344567189897378  0.857333329178878  0.919117519217766
creps4wk 0.370833333333333  0.210263900970224  0.174187924500606  0.283845124800253  0.477107472556152  0.838747189648676  0.913990964557385
dreps 0.361538461538461  0.162692307692308  0.096136289061496  0.251699200205541  0.562128063987016  0.822691093726338  0.910063702249736
ereps0 0.519230769230769  0.130769230769231  0.042576923076923  0.165842307692308  0.310619343165337  0.806200815789851  0.896753163928883
ereps1wk 0.338461538461538  0.607307692307692  0.175730769230769  0.155246492734785  0.322716522344901  0.802432897039329  0.899613416545239
ereps2wk 0.342307692307692  0.456923076923077  0.112307692307692  0.145577088401549  0.376773944608269  0.796717365112827  0.901374629663949
ereps3wk 0.265384615384615  0.303846153846154  0.084153846153846  0.189080834475336  0.452511509595832  0.798490185380094  0.902431215544082
ereps4wk 0.342307692307692  0.211538461538462  0.076359089102342  0.218805194529786  0.517340123057114  0.805950591189887  0.905555810958136
rreps0 0.630111111111111  0.650837672965333  0.256940865622390  0.303101437519235  0.069502809234619  0.879018637640419  0.927321233051489
rreps1wk 0.791666666666667  0.592417393602961  0.345909118196604  0.312749087312127  0.029435270882831  0.878811224171084  0.927406852384043
rreps2wk 0.580000000000000  0.487441130298273  0.384310969357627  0.337495100558476  0.187446623300692  0.871051503098067  0.924866192389608
rreps3wk 0.330769230769231  0.263648542468767  0.218479157047576  0.306931933826466  0.317339244981853  0.856724711012332  0.919110381314584
rreps4wk 0.308000000000000  0.203846153846154  0.148585982117272  0.309477550891055  0.479575767635517  0.838874856244572  0.913981095114756
rreps7m0 0.623076923076923  0.413095130201168  0.205632126780493  0.261930775329238  0.105368614701637  0.880523668054456  0.926447864591320
rreps7m1wk 0.744000000000000  0.683022533022533  0.292012865617932  0.273269611609975  0.071257111724709  0.880314272426448  0.926643950182496
rreps7m2wk 0.547826086956522  0.440384615384615  0.343792874633472  0.310480765061723  0.197633199417841  0.872198180256699  0.924655152554450
rreps7m3wk 0.328000000000000  0.250489510489510  0.191451575702631  0.305630443797129  0.340496045489447  0.857116117646761  0.919077145905125
rreps7m4wk 0.319230769230769  0.197692307692308  0.136565167877389  0.308886266650040  0.482447996259432  0.838874639551425  0.913979005115047
ureps0 0.619230769230769  0.000384615384615  0.017408372246835  0.010260302477708  0.327793825984614  0.799069385675448  0.898775520177159
ureps1wk 0.696000000000000  0.022692307692308  0.017255178498994  0.014834615384615  0.346642885688425  0.803842946569986  0.902615245390201
ureps2wk 0.523076923076923  0.065007849293564  0.066511169197722  0.069819306161385  0.403241637712481  0.802337291971600  0.902829955419173
ureps3wk 0.304000000000000  0.076923076923077  0.067857716622919  0.145765667918951  0.457850352945476  0.803038004028184  0.903068476409093
ureps4wk 0.303846153846154  0.123846153846154  0.078141916817786  0.203381436636859  0.518956333782892  0.806403321906702  0.905508650171901
fg5cf1cA0 0.568000000000000  0.517692307692308  0.567115384615385  0.705865384615385  0.208826487365182  0.872375721468719  0.924677707677139
fg5cf1cA1wk 0.596153846153846  0.487692307692308  0.559076923076923  0.723715384615385  0.215783780375012  0.874334264179575  0.925144622750340
fg5cf1cA2wk 0.495454545454546  0.446538461538462  0.455000000000000  0.591019230769231  0.274907843626118  0.862133625822032  0.920862278977402
fg5cf1cA3wk 0.311538461538462  0.301153846153846  0.302118313550177  0.490080769230769  0.363158112313392  0.845591599607783  0.915635551634965
fg5cf1cB0 0.576923076923077  0.491153846153846  0.565730769230769  0.699965384615384  0.203643355786176  0.872353886832128  0.924694526651840
fg5cf1cB1wk 0.600000000000000  0.511538461538462  0.557346153846154  0.722919230769231  0.217564371906886  0.873786801284463  0.925188627880555
fg5cf1cB2wk 0.486363636363636  0.443846153846154  0.452192307692308  0.584409889065830  0.278950954406023  0.862550461133948  0.920980968699807
fg5cf1cB3wk 0.338461538461539  0.301153846153846  0.299041390473254  0.489726096840453  0.363026846277510  0.845542401062851  0.915616564069754
fg5cf1cC0 0.620000000000000  0.503461538461538  0.562538461538462  0.699688461538462  0.207030733754988  0.872879346302975  0.924695337505472
fg5cf1cC1wk 0.546153846153846  0.489615384615385  0.565730769230769  0.723112706085190  0.179970682893133  0.874384301670084  0.925166056355228
fg5cf1cC2wk 0.500000000000000  0.446153846153846  0.456615384615385  0.586384615384616  0.278437097554875  0.862194968029294  0.920928752919075
fg5cf1cC3wk 0.316000000000000  0.306538461538461  0.302964467396331  0.489846153846154  0.362887878001729  0.845629043217578  0.915637328510469
fg2cf05c0 0.573076923076923  0.513076923076923  0.581038461538462  0.745046153846154  0.206860109805474  0.873931926503351  0.925529001783520
fg2cf05c1wk 0.542307692307692  0.477307692307692  0.569730769230769  0.753106933611148  0.212593489999225  0.874629925275217  0.925354811012103
fg2cf05c2wk 0.515384615384615  0.448076923076923  0.461615384615385  0.611415384615385  0.275845320199856  0.862219061042761  0.920671531332260
fg2cf05c3wk 0.361538461538462  0.295000000000000  0.301926005857870  0.500446153846154  0.369424027450695  0.844659518502358  0.915313965598049
fg2uf05c0 0.484615384615385  0.101981351981352  0.053846153846154  0.088570333023023  0.276503827663442  0.799362955156398  0.907567794816153
fg2uf05c0d0 0.384615384615385  0.066538461538462  0.056901552750064  0.089252419219954  0.281029664670373  0.798976418706957  0.906843681818280
fg2uf05c0d1wk 0.534615384615385  0.112692307692308  0.049923076923077  0.090116812464563  0.277786065467031  0.804416750015225  0.906738174065208
fg2uf05c0d2wk 0.462500000000000  0.065000000000000  0.036884615384615  0.156439554467551  0.353841442275714  0.807306510109374  0.906488326904830
fg2uf05c0d3wk 0.357692307692308  0.063461538461538  0.043203594466444  0.222491483041680  0.436869559205956  0.811411089422737  0.906917114419831
fg2uf05c1wk 0.623076923076923  0.163076923076923  0.067653846153846  0.092047412393887  0.266260376000421  0.799974866755243  0.906648430067906
fg2uf05c2wk 0.500000000000000  0.140000000000000  0.053269230769231  0.150619230769231  0.337558740820927  0.806114087993666  0.905976798301600
fg2uf05c3wk 0.320000000000000  0.116923076923077  0.050041390473254  0.212735742678673  0.427897264204545  0.810567903616816  0.906701340445697
fg2uf05c7m0 0.457692307692308  0.113461538461538  0.059406286606794  0.097364534175421  0.286730438403974  0.802851319111556  0.907869427881363
fg2uf05c7m1wk 0.650000000000000  0.191538461538462  0.068038461538462  0.097478267295525  0.279522257288651  0.805574306442032  0.907189920177752
fg2uf05c7m2wk 0.476923076923077  0.138076923076923  0.054269230769231  0.158083361214679  0.353854540175630  0.807631633422507  0.906893177114205
fg2uf05c7m3wk 0.315384615384615  0.118076923076923  0.053156775088639  0.222555842379320  0.436933275747777  0.812031859504281  0.907131293118841
fg2uf05m0 0.457692307692308  0.125384615384615  0.063401297497683  0.092551626163682  0.276159354551719  0.798159021821987  0.907222195130022
fg2uf05m1wk 0.561538461538462  0.155000000000000  0.057471250971251  0.096493852615037  0.258738192933877  0.797235968707974  0.905479421301835
fg2uf05m2wk 0.503846153846154  0.156538461538462  0.048153846153846  0.147285146927794  0.328360219361311  0.802480719867044  0.904610242084755
fg2uf05m3wk 0.338461538461539  0.120769230769231  0.047209999641863  0.205404854047733  0.420534140378114  0.807821297675656  0.905928806119679
fg5mf1c0d0 0.057692307692308  0.279230769230769  0.233807692307692  0.181443793989930  0.375534927621612  0.805142807687074  0.911630554345574
fg5mf1c0d1wk 0.065384615384615  0.291923076923077  0.253769230769231  0.181506497179369  0.394531481713311  0.815425960554701  0.911559126911578
fg5mf1c0d2wk 0.153846153846154  0.238076923076923  0.185192307692308  0.194553330359153  0.441388044154018  0.817152684776928  0.910190597700261
fg5mf1c0d3wk 0.250000000000000  0.172692307692308  0.114426005857870  0.230489662782631  0.484423845539538  0.816967906765679  0.909155010861915
fg5mf1m0 0.176923076923077  0.188461538461538  0.303769230769231  0.272358537392201  0.521252274747590  0.817097512905723  0.914615212763080
fg5mf1m1wk 0.261538461538462  0.199230769230769  0.282846153846154  0.250660660572784  0.471810477490102  0.816131369525077  0.912242172972613
fg5mf1m2wk 0.188461538461538  0.183461538461538  0.213576923076923  0.230253846153846  0.464904502535491  0.814652743240578  0.909165938853913
fg5mf1m3wk 0.280769230769231  0.197307692307692  0.140695236627100  0.245658365122128  0.489027454678785  0.814349535347476  0.908132276582767
fg5mf1u0 0.057692307692308  0.147692307692308  0.260461538461539  0.247634615384615  0.365322692307692  0.778101174109797  0.903025990758935
fg5mf1u1wk 0.050000000000000  0.150384615384615  0.270692307692308  0.251669230769231  0.351109474255506  0.783625261346782  0.901754180608280
fg5mf1u2wk 0.092307692307692  0.151153846153846  0.196692307692308  0.234635437389893  0.383651177297684  0.786305884713974  0.900438734374925
fg5mf1u3wk 0.253846153846154  0.180769230769231  0.118579852011716  0.236924168709081  0.445327812791572  0.796154795061218  0.902784785689135
fg5uf1m0 0.450000000000000  0.093846153846154  0.051926327193933  0.140098479543863  0.295162984680685  0.797473957713228  0.907472048621959
fg5uf1m1wk 0.465384615384615  0.105815850815851  0.052384615384615  0.146359921613705  0.267922062650661  0.794183842413606  0.904517773754690
fg5uf1m2wk 0.473076923076923  0.088846153846154  0.040538461538462  0.188605762878640  0.336287901927053  0.799243852534901  0.903718522750864
fg5uf1m3wk 0.353846153846154  0.074615384615385  0.042887544319408  0.208905558376094  0.424695744805817  0.806664231306103  0.905518278542134
fg5uf1u0 0.319230769230769  0.075769230769231  0.049653846153846  0.124676923076923  0.242480410948206  0.771200961276209  0.897943508581807
fg5uf1u1wk 0.484000000000000  0.146153846153846  0.048115384615385  0.137566728730361  0.235941280585495  0.772276346035031  0.897311040299096
fg5uf1u2wk 0.476923076923077  0.122307692307692  0.040692307692308  0.188616010062545  0.314537308710417  0.781031940406513  0.897340451819872
fg5uf1u3wk 0.323076923076923  0.043461538461538  0.036772159704023  0.206860852438877  0.415731515857924  0.793715691011090  0.901721165497965
fg8cf05c0 0.646153846153846  0.526923076923077  0.553153846153846  0.581555696303283  0.144898965171539  0.872118632731047  0.924953638036023
fg8cf05c1wk 0.676923076923077  0.523461538461539  0.547115384615385  0.607993950118319  0.138357175819043  0.873589651046530  0.925326097638875
fg8cf05c2wk 0.523076923076923  0.425384615384616  0.449307692307692  0.492947509633190  0.235734842830351  0.864486429251978  0.921836936592045
fg8cf05c3wk 0.342307692307692  0.278846153846154  0.290618313550177  0.428957705010802  0.342185150713025  0.848369008358341  0.916690220858652
fg8uf05c0 0.641666666666667  0.099705373991088  0.048215365096481  0.174472378665537  0.309767449259307  0.803634541521014  0.909593704125908
fg8uf05c0d0 0.073076923076923  0.034366770135703  0.046961538461538  0.191277036003720  0.309830465337019  0.805576303396164  0.909100987365081
fg8uf05c0d1wk 0.347863247863248  0.038461538461538  0.035034766404376  0.210171807988787  0.300302671070104  0.806994125554926  0.908541224108984
fg8uf05c0d2wk 0.288461538461538  0.031153846153846  0.027615384615385  0.197099719715089  0.367719676245385  0.812946746504726  0.908503300791133
fg8uf05c0d3wk 0.288461538461538  0.030384615384615  0.029695236627100  0.187413714397784  0.446274521646330  0.816843413614803  0.908822069895130
fg8uf05c1wk 0.684000000000000  0.088916083916084  0.046500000000000  0.195254053483970  0.290946182588456  0.803751436018752  0.907142258686906
fg8uf05c2wk 0.550000000000000  0.087692307692308  0.045347695390782  0.207257223884518  0.354847843470551  0.809118075698735  0.907502402862690
fg8uf05c3wk 0.334615384615385  0.062692307692308  0.038929859719439  0.201929357768537  0.435232585454630  0.812393946502073  0.908155413944887
fg8uf05c7m0 0.653846153846154  0.087307692307692  0.043807692307692  0.185703846153846  0.314131711811450  0.804346800523625  0.909800143650816
fg8uf05c7m1wk 0.620833333333333  0.117692307692308  0.049423076923077  0.177698026863005  0.302800537487130  0.806864413721217  0.908126811428767
fg8uf05c7m2wk 0.509523809523810  0.087307692307692  0.042153846153846  0.191393281061904  0.366426873266865  0.811893743621986  0.908208519770089
fg8uf05c7m3wk 0.353846153846154  0.057307692307692  0.037004276436140  0.200131327277337  0.439739458241093  0.815651385206656  0.908699273018947
fg8uf05m0 0.426923076923077  0.032977448468892  0.048620662824070  0.256669230769231  0.328643324670535  0.800902788598339  0.911789280386128
fg8uf05m1wk 0.315384615384615  0.046554001554002  0.050540540540541  0.252137489269645  0.287710390120656  0.796552675411040  0.906246789350070
fg8uf05m2wk 0.407692307692308  0.067307692307692  0.042656425656426  0.242264209497873  0.346160231272417  0.802336685596736  0.905569171267930
fg8uf05m3wk 0.290666666666667  0.051538461538462  0.035735661667525  0.192400996973481  0.430443032046229  0.810104907869518  0.906933198484008
lj1m0 0.046153846153846  0.146538461538462  0.231076923076923  0.231100000000000  0.383251790394693  0.796988629248994  0.910833228792402
lj1m1wk 0.030769230769231  0.151923076923077  0.268576923076923  0.253326923076923  0.370044519601017  0.797473689867413  0.907677445839379
lj1m2wk 0.065384615384615  0.158076923076923  0.205653846153846  0.247623076923077  0.399349567172142  0.800539245593606  0.905154059272183
lj1m3wk 0.188461538461538  0.150384615384615  0.142195236627100  0.251938461538462  0.454663614562265  0.804996842806607  0.905555516132601
lj1u0 0.042307692307692  0.041296020764106  0.051739359232317  0.083334615384615  0.243951988004495  0.779268383290392  0.900719894172189
lj1u1wk 0.315384615384615  0.095384615384615  0.059961538461538  0.093198306914953  0.236495729824685  0.780093368847033  0.900099340867300
lj1u2wk 0.361538461538462  0.079634809634810  0.048079887579888  0.167850000000000  0.311020615328982  0.784909407260899  0.899983316460728
lj1u3wk 0.330769230769231  0.045769230769231  0.045750613187713  0.214800970963423  0.410219830809869  0.796704243775285  0.902944371455338
lj2m0 0.046153846153846  0.158076923076923  0.241076923076923  0.241188461538462  0.385022589245123  0.795267809615931  0.909575565364467
lj2m1wk 0.042307692307692  0.167307692307692  0.269692307692308  0.255204733165624  0.365562540170020  0.792474015714270  0.905039527215780
lj2m2wk 0.042307692307692  0.143461538461538  0.201703318703319  0.244508623170009  0.394236751743260  0.794439606434521  0.902773279714087
lj2m3wk 0.165384615384615  0.133076923076923  0.137233698165562  0.252803665557879  0.451556226181044  0.799882103721447  0.904017435135084
lj2u0 0.026923076923077  0.035792778649922  0.049734379983726  0.095200692584726  0.248180513666503  0.773186391404957  0.898925307317809
lj2u1wk 0.165384615384615  0.050769230769231  0.056278701198299  0.104110814398073  0.241121258488134  0.773766146984987  0.897891669512474
lj2u2wk 0.311538461538462  0.076153846153846  0.051502002002002  0.176656330086468  0.314499123392002  0.781748657776399  0.897859700581198
lj2u3wk 0.315384615384615  0.045400155400155  0.042849082780947  0.219217604853113  0.412999252456562  0.794205761148014  0.901754845363604
lj5m0 0.030769230769231  0.152350427350427  0.226807692307692  0.241107692307692  0.372096153846154  0.787757858831848  0.907708841985949
lj5m1wk 0.019230769230769  0.154273504273504  0.240153846153846  0.248061538461538  0.340961605460104  0.773374400312473  0.898984326033201
lj5m2wk 0.092307692307692  0.165384615384615  0.173846153846154  0.222061538461539  0.374379740025371  0.775611124709568  0.896823368312928
lj5m3wk 0.226923076923077  0.143954933954934  0.115964467396331  0.235568632204553  0.439734139770687  0.788498973286035  0.900331518948778
lj5u0 0.019230769230769  0.023477078477078  0.034466635773865  0.161546153846154  0.255351776337504  0.765025667590647  0.895467236331172
lj5u1wk 0.046153846153846  0.028461538461538  0.035465983764979  0.168807692307692  0.247719259788098  0.762062882581765  0.894107914688784
lj5u2wk 0.203846153846154  0.036153846153846  0.034040542623709  0.218834615384615  0.313904412419814  0.769959971775413  0.893683423658168
lj5u3wk 0.288461538461538  0.033461538461538  0.034926005857870  0.214400008982964  0.420522910550292  0.787042385324927  0.899196324022871
urepsB0 0.576923076923077  0.000384615384615  0.018632585940111  0.010256764167141  0.327388403058809  0.798813060584484  0.898751863963148
urepsB1wk 0.723076923076923  0.022307692307692  0.016670169873288  0.014592374625540  0.350181868884261  0.804048551923141  0.902679496511479
urepsB2wk 0.507692307692308  0.071538461538462  0.068057697883045  0.070018330605565  0.403450501462739  0.802354435777616  0.902853815877112
urepsB3wk 0.348000000000000  0.070000000000000  0.066397354347437  0.145100048471233  0.458348413033752  0.802988537311143  0.903042165784304
urepsC0 0.657777777777778  0.005769230769231  0.018660024714242  0.032557872818665  0.332648345312715  0.792156211540242  0.904485254564692
urepsC1wk 0.650000000000000  0.033080808080808  0.018208718444128  0.029726994237885  0.325643383572867  0.788795221949419  0.901777473307210
urepsC2wk 0.511538461538462  0.071923076923077  0.069030304232506  0.075250480962782  0.386713703977419  0.790133741568283  0.899993771493449
urepsC3wk 0.353846153846154  0.073461538461538  0.067851708669115  0.147096153846154  0.448460531203233  0.796124333252588  0.901471612689565
fg5mf1c0 0.476923076923077  0.341153846153846  0.381269230769231  0.345614972871051  0.507540049404600  0.820895569971629  0.915028762956452
fg5mf1c1wk 0.395833333333333  0.330769230769231  0.386269230769231  0.349876923076923  0.494061640347445  0.823197134441553  0.913109529009063
fg5mf1c2wk 0.426923076923077  0.316923076923077  0.272692307692308  0.278177763489466  0.487197862699298  0.820044833872950  0.910883750741480
fg5mf1c3wk 0.307692307692308  0.212307692307692  0.157349082780946  0.258924926422752  0.500252656361974  0.817214850629355  0.909178100614758
rreps0d0 0.003846153846154  0.000000000000000  0.000000000000000  0.000000000000000  0.037345233466880  0.873511601716279  0.926270387311718
rreps0d1wk 0.092000000000000  0.094230769230769  0.081846153846154  0.035789670085643  0.044024618818461  0.873396091867725  0.926536294097849
rreps0d2wk 0.580000000000000  0.487441130298273  0.384310969357627  0.337495100558476  0.187446623300692  0.871051503098067  0.924866192389608
rreps0d3wk 0.330769230769231  0.263648542468767  0.218479157047576  0.306931933826466  0.317339244981853  0.856724711012332  0.919110381314584
