creps0-1wk 0.152777777777778  0.000447227191413  0.007277445552472  0.078503627757211  0.650118781039675  0.914764898599484  0.981823901411485
creps1wk-2wk 0.133333333333333  0.004619269619270  0.011901375029897  0.086308551816116  0.549221449396471  0.881708018869268  0.953225222550114
creps2wk-3wk 0.191228070175439  0.006315789473684  0.009880826316424  0.077893653991655  0.437656860382388  0.798373236235228  0.934648801564189
creps3wk-4wk 0.311111111111111  0.020000000000000  0.018000000000000  0.060779485474562  0.338745893542513  0.764146623512713  0.929362013061561
ereps0-1wk 0.000000000000000  0.001153846153846  0.001807692307692  0.009684615384615  0.066529304754402  0.582907558420054  0.786858115444360
ereps1wk-2wk 0.003846153846154  0.150000000000000  0.046269230769231  0.042011538461538  0.103168678010186  0.632567895325680  0.848933965775065
ereps2wk-3wk 0.005263157894737  0.147894736842105  0.034052631578947  0.042314531535597  0.077137499491032  0.625932226800494  0.856137214758697
ereps3wk-4wk 0.033333333333333  0.263333333333333  0.053416666666667  0.046622997318586  0.081711583486387  0.644501213020479  0.879334882572017
rreps0-1wk 0.000000000000000  0.000000000000000  0.002485964013255  0.018862119185093  0.492500720552536  0.924811983140861  0.977448411101719
rreps1wk-2wk 0.038461538461538  0.013136399682791  0.010710382629718  0.038387815517592  0.590878338822825  0.906493527737946  0.949901583236932
rreps2wk-3wk 0.000000000000000  0.008947368421053  0.012589331803502  0.044184915753781  0.540952533565511  0.817507777850601  0.934837628874099
rreps3wk-4wk 0.341666666666667  0.020833333333333  0.017991554107204  0.054921636494838  0.400386148087778  0.765527346289550  0.929196973342300
rreps7m0-1wk 0.000000000000000  0.000000000000000  0.003039601828589  0.041689945490993  0.532798717574149  0.901582091001625  0.973813192380724
rreps7m1wk-2wk 0.000000000000000  0.005769230769231  0.009988528505899  0.054552128985744  0.572187800144772  0.882237595034267  0.950140294762198
rreps7m2wk-3wk 0.000000000000000  0.007894736842105  0.008738467654882  0.058546927571207  0.530381434426117  0.800784748051015  0.934422574488702
rreps7m3wk-4wk 0.341666666666667  0.021666666666667  0.018407999467024  0.055151980424093  0.354498333869345  0.757961583522290  0.929403390806290
ureps0-1wk 0.000000000000000  0.000000000000000  0.000539560253041  0.008944732942933  0.051531877233131  0.585610966280117  0.804198095679537
ureps1wk-2wk 0.000000000000000  0.003465423465423  0.003769735628993  0.013718370927831  0.081928045252232  0.643350003377226  0.828360741980736
ureps2wk-3wk 0.000000000000000  0.004210526315789  0.003000000000000  0.014586836321904  0.060301722443644  0.637794907350221  0.850845334718769
ureps3wk-4wk 0.058333333333333  0.016691919191919  0.008924059139785  0.015900070057348  0.066561191817073  0.647222825319142  0.875319609006774
fg5cf1cA0-A1wk 0.115384615384615  0.300769230769231  0.317115384615385  0.163484615384615  0.414149689362752  0.895075587346810  0.960222235232161
fg5cf1cA0-B0 0.142307692307692  0.327692307692308  0.300961538461538  0.143103846153846  0.392392413243265  0.898527867805872  0.961767408120235
fg5cf1cA0-C0 0.142307692307692  0.339230769230769  0.303384615384615  0.141553846153846  0.419697548488512  0.895741887444911  0.960534451214518
fg5cf1cA1wk-A2wk 0.150000000000000  0.260384615384615  0.221846153846154  0.138150000000000  0.417122677527796  0.867812171121118  0.940489937837642
fg5cf1cA1wk-B1wk 0.261538461538461  0.366923076923077  0.481230769230769  0.386776923076923  0.480018175709804  0.930300687379206  0.977081255222430
fg5cf1cA1wk-C1wk 0.203846153846154  0.378076923076923  0.484923076923077  0.386261538461538  0.544499775628136  0.930908483967069  0.977027529169174
fg5cf1cA2wk-A3wk 0.252631578947368  0.263684210526316  0.172578947368421  0.123621052631579  0.444915632340763  0.792614249264649  0.931543736136195
fg5cf1cA2wk-B2wk 0.478947368421053  0.545789473684211  0.556105263157895  0.473273684210526  0.684837181336629  0.952220510813031  0.986427240719041
fg5cf1cA2wk-C2wk 0.578947368421053  0.566315789473684  0.562789473684211  0.478563157894737  0.685780405680168  0.952517045341927  0.986910088554927
fg5cf1cA3wk-A4wk 0.375000000000000  0.153333333333333  0.096250000000000  0.101766666666667  0.278572788573686  0.775658628064919  0.938889023679851
fg5cf1cA3wk-B3wk 0.563636363636364  0.623333333333333  0.576750000000000  0.501308333333333  0.871238044634081  0.949964797575863  0.987339735392576
fg5cf1cA3wk-C3wk 0.683333333333333  0.622500000000000  0.575083333333333  0.500158333333333  0.871262383103967  0.950027127851884  0.987376661525588
fg5cf1cA4wk-B4wk 0.860000000000000  0.688000000000000  0.570600000000000  0.491773477347735  0.839098783970024  0.958755503655690  0.990380184346282
fg5cf1cA4wk-C4wk 0.800000000000000  0.670000000000000  0.573400000000000  0.488313357335734  0.838463461306489  0.958544373046678  0.990424426571360
fg5cf1cB0-B1wk 0.203846153846154  0.289230769230769  0.315807692307692  0.159926923076923  0.389012956655109  0.898055402332925  0.961644346558638
fg5cf1cB0-C0 0.130769230769231  0.324230769230769  0.309346153846154  0.146873076923077  0.418504520215269  0.895663842570204  0.960473532655602
fg5cf1cB1wk-B2wk 0.188461538461538  0.256153846153846  0.229269230769231  0.137953846153846  0.419486645169556  0.873148938119438  0.941012091050762
fg5cf1cB1wk-C1wk 0.230769230769231  0.376153846153846  0.477384615384615  0.387138461538462  0.540534026245662  0.927455875439154  0.975500475960117
fg5cf1cB2wk-B3wk 0.126315789473684  0.268947368421053  0.168894736842105  0.120022416452172  0.448538950469404  0.791234045472990  0.931086401162266
fg5cf1cB2wk-C2wk 0.526315789473684  0.575789473684211  0.573736842105263  0.475619682494565  0.687739837596675  0.951934335407625  0.986801536899232
fg5cf1cB3wk-B4wk 0.358333333333333  0.136666666666667  0.096416666666667  0.102817188385505  0.278599519306770  0.775739064010564  0.938798038361267
fg5cf1cB3wk-C3wk 0.650000000000000  0.647500000000000  0.579750000000000  0.502120675400873  0.872128305809149  0.950252997338761  0.987374370948391
fg5cf1cB4wk-C4wk 0.800000000000000  0.652000000000000  0.567400000000000  0.487700000000000  0.837353286619936  0.958482709721517  0.990515401621520
fg5cf1cC0-C1wk 0.119230769230769  0.303461538461538  0.309653846153846  0.156576923076923  0.452126804554764  0.895495179284838  0.961681360114045
fg5cf1cC1wk-C2wk 0.161538461538462  0.258461538461538  0.227076923076923  0.138937875802405  0.412661078138097  0.867674478501367  0.940670566124479
fg5cf1cC2wk-C3wk 0.278947368421053  0.281052631578947  0.169210526315789  0.122152631578947  0.448236603517135  0.792588413119869  0.931388074002947
fg5cf1cC3wk-C4wk 0.375000000000000  0.149166666666667  0.093916666666667  0.103758333333333  0.278546076904766  0.775715080819285  0.938804525766338
fg2cf05c0-1wk 0.119230769230769  0.290769230769231  0.305153846153846  0.157203846153846  0.405979239154254  0.901495091879632  0.960775621011515
fg2cf05c1wk-2wk 0.184615384615385  0.250769230769231  0.243269230769231  0.139783777681386  0.425592854848880  0.869116702611668  0.939034132162682
fg2cf05c2wk-3wk 0.173684210526316  0.264210526315789  0.176578947368421  0.122363157894737  0.450211792987622  0.783045700862605  0.929347440410094
fg2cf05c3wk-4wk 0.358333333333333  0.138333333333333  0.098833333333333  0.103108333333333  0.283413157287732  0.773889772920017  0.938442179527820
fg2uf05c0-1wk 0.303846153846154  0.053873348873349  0.039423076923077  0.041654922591900  0.070813450076599  0.668273734853120  0.853010633589936
fg2uf05c0d0-1wk 0.019230769230769  0.028846153846154  0.030458927197298  0.038096553210356  0.069684210169318  0.669485627050978  0.853867307825719
fg2uf05c0d1wk-2wk 0.165384615384615  0.026153846153846  0.025384615384615  0.041350746358740  0.090473417907043  0.689513999696646  0.864753985783776
fg2uf05c0d2wk-3wk 0.115789473684211  0.025263157894737  0.023894736842105  0.042734814920010  0.067824874512821  0.689489641971232  0.884637285239796
fg2uf05c0d3wk-4wk 0.466666666666667  0.039166666666667  0.030845908786050  0.058977048036550  0.077509180735327  0.729590847379861  0.909919488916937
fg2uf05c1wk-2wk 0.242307692307692  0.069615384615385  0.033076923076923  0.046647064488324  0.091535456247032  0.687111220064093  0.859424261110323
fg2uf05c2wk-3wk 0.152631578947368  0.070000000000000  0.031578947368421  0.049210526315789  0.069838873639588  0.684819668193855  0.883091882337824
fg2uf05c3wk-4wk 0.358333333333333  0.054166666666667  0.030416666666667  0.053933266642597  0.079517008677341  0.701097901947778  0.901334258347063
fg2uf05c7m0-1wk 0.265384615384615  0.068076923076923  0.037931862553690  0.040408312504878  0.069525452192573  0.671087567864866  0.853913461620638
fg2uf05c7m1wk-2wk 0.226923076923077  0.071923076923077  0.031269230769231  0.045048862674866  0.089673704417293  0.689034582855642  0.864086460844196
fg2uf05c7m2wk-3wk 0.142105263157895  0.073684210526316  0.030052631578947  0.047475570304100  0.068221943699976  0.690664973175090  0.883798818799808
fg2uf05c7m3wk-4wk 0.358333333333333  0.059166666666667  0.030833333333333  0.052782353976314  0.077980217405517  0.711536151443351  0.904424939617343
fg2uf05m0-1wk 0.176923076923077  0.053461538461538  0.037930027803522  0.043438258173967  0.075335659097624  0.673401357416150  0.855783280182446
fg2uf05m1wk-2wk 0.261538461538461  0.069230769230769  0.030238150738151  0.048513317151275  0.095864120362625  0.691681374148257  0.863067138275752
fg2uf05m2wk-3wk 0.094736842105263  0.083157894736842  0.031263157894737  0.051311683359906  0.071316090054999  0.683625611284475  0.882812399583750
fg2uf05m3wk-4wk 0.416666666666667  0.140000000000000  0.044106060606061  0.070342496832700  0.080860505926013  0.717311513671745  0.904324372038815
fg5mf1c0-1wk 0.023076923076923  0.269230769230769  0.237961538461539  0.134549996104372  0.115801492937432  0.704593941898885  0.869910318377761
fg5mf1c0d0-1wk 0.023076923076923  0.269230769230769  0.237961538461539  0.134549996104372  0.115801492937432  0.704593941898885  0.869910318377761
fg5mf1c0d1wk-2wk 0.038461538461538  0.225769230769231  0.182653846153846  0.116802554660196  0.125780405399336  0.731350038757992  0.890265892627289
fg5mf1c0d2wk-3wk 0.042105263157895  0.175789473684211  0.138210526315789  0.101860241309714  0.092134356343470  0.728291431574202  0.904145547119332
fg5mf1c0d3wk-4wk 0.325000000000000  0.101666666666667  0.071416666666667  0.082913051703695  0.090796315083693  0.747054718033177  0.916323597486876
fg5mf1c1wk-2wk 0.038461538461538  0.225769230769231  0.182653846153846  0.116802554660196  0.125780405399336  0.731350038757992  0.890265892627289
fg5mf1c2wk-3wk 0.042105263157895  0.175789473684211  0.138210526315789  0.101860241309714  0.092134356343470  0.728291431574202  0.904145547119332
fg5mf1c3wk-4wk 0.325000000000000  0.101666666666667  0.071416666666667  0.082913051703695  0.090796315083693  0.747054718033177  0.916323597486876
fg5mf1m0-1wk 0.026923076923077  0.157692307692308  0.298961538461539  0.184908281597391  0.139817562863193  0.736508058402991  0.882687389748161
fg5mf1m1wk-2wk 0.100000000000000  0.152307692307692  0.222769230769231  0.158518925433361  0.144924246740137  0.744589761299494  0.891364841865964
fg5mf1m2wk-3wk 0.115789473684211  0.149473684210526  0.177736842105263  0.133852631578947  0.106373572763237  0.722425655619343  0.898805634944219
fg5mf1m3wk-4wk 0.391666666666667  0.160833333333333  0.098500000000000  0.103070709508116  0.098118663657701  0.729789544255027  0.912215320089278
fg5mf1u0-1wk 0.019230769230769  0.136923076923077  0.296807692307692  0.200803846153846  0.153002692307692  0.697843268231663  0.872382750810659
fg5mf1u1wk-2wk 0.007692307692308  0.118846153846154  0.216230769230769  0.162323076923077  0.154282926839494  0.703837449929393  0.878134557885331
fg5mf1u2wk-3wk 0.047368421052632  0.124210526315789  0.155842105263158  0.126784773214164  0.110620576419835  0.677696580198280  0.884860425820521
fg5mf1u3wk-4wk 0.291666666666667  0.117500000000000  0.075916666666667  0.089742278945009  0.098886984032711  0.677941276016257  0.897197556659752
fg5uf1m0-1wk 0.165384615384615  0.043076923076923  0.030696022287572  0.046151016843515  0.073194071052457  0.673858405859292  0.854817094978600
fg5uf1m1wk-2wk 0.161538461538462  0.044257964257964  0.028692307692308  0.051370240713926  0.095124389555050  0.690621599960259  0.864169829021437
fg5uf1m2wk-3wk 0.105263157894737  0.051578947368421  0.026000000000000  0.052503951040858  0.069748620851372  0.682235263966621  0.881770523135305
fg5uf1m3wk-4wk 0.341666666666667  0.050833333333333  0.030166666666667  0.055100641772352  0.076746450710208  0.690490276344399  0.899047443936421
fg5uf1u0-1wk 0.123076923076923  0.032692307692308  0.028153846153846  0.045846153846154  0.076771344224615  0.653999558276604  0.851995842519295
fg5uf1u1wk-2wk 0.276923076923077  0.058461538461538  0.026961538461538  0.052288757751550  0.095101076806200  0.672049942618055  0.854733531852563
fg5uf1u2wk-3wk 0.031578947368421  0.041578947368421  0.023210526315789  0.050289684231581  0.068497080390132  0.646519141597502  0.870700154095907
fg5uf1u3wk-4wk 0.358333333333333  0.029166666666667  0.023000000000000  0.050912686060831  0.074908551789794  0.662120456005247  0.887445554083937
fg8cf05c0-1wk 0.196153846153846  0.362307692307692  0.266423076923077  0.135890363169946  0.464699784001071  0.903097894763045  0.963403163174139
fg8cf05c1wk-2wk 0.157692307692308  0.258846153846154  0.189500000000000  0.128155314069252  0.469124774134718  0.885195381876465  0.943956762025035
fg8cf05c2wk-3wk 0.157894736842105  0.223157894736842  0.134789473684211  0.121276711774532  0.452152276220194  0.798914592216731  0.934731815350349
fg8cf05c3wk-4wk 0.375000000000000  0.136666666666667  0.081500000000000  0.096016388970945  0.325316442222139  0.785165836918423  0.937541525098034
fg8uf05c0-1wk 0.453846153846154  0.040871113013970  0.027625175582154  0.038989700469048  0.067003060245274  0.683781063894859  0.855498570144586
fg8uf05c0d0-1wk 0.026923076923077  0.013140540225262  0.018423076923077  0.036219060402160  0.064145152440887  0.678486715282273  0.858736662441073
fg8uf05c0d1wk-2wk 0.108119658119658  0.017307692307692  0.016275698933810  0.041276495627141  0.087928004672115  0.699053061835660  0.869068288918899
fg8uf05c0d2wk-3wk 0.126315789473684  0.011578947368421  0.016052631578947  0.040080035410275  0.064676261562049  0.703895655178899  0.890137826323564
fg8uf05c0d3wk-4wk 0.500000000000000  0.022500000000000  0.019750000000000  0.047944994116324  0.071489831946627  0.741765252108375  0.911941276361179
fg8uf05c1wk-2wk 0.334615384615385  0.033477078477078  0.022307692307692  0.047296569173696  0.086644236493627  0.690607930017809  0.863898166716705
fg8uf05c2wk-3wk 0.215789473684211  0.029473684210526  0.023001371163379  0.047307258437925  0.066759989181514  0.691562854078381  0.884336196279680
fg8uf05c3wk-4wk 0.408333333333333  0.033333333333333  0.023918670674683  0.049719777100504  0.072123159371751  0.722131064683415  0.906321875606904
fg8uf05c7m0-1wk 0.392307692307692  0.050000000000000  0.024153846153846  0.037465384615385  0.065866255562950  0.686910572276127  0.856993193924264
fg8uf05c7m1wk-2wk 0.365384615384615  0.046923076923077  0.021807692307692  0.044154941314192  0.085709487446173  0.696299423887360  0.865942255703473
fg8uf05c7m2wk-3wk 0.194736842105263  0.027368421052632  0.019052631578947  0.046338662117620  0.065864928193987  0.699655232888914  0.889242344546841
fg8uf05c7m3wk-4wk 0.383333333333333  0.035833333333333  0.023667417417417  0.048242127539229  0.071734140776072  0.732201215410483  0.908467002101846
fg8uf05m0-1wk 0.084615384615385  0.021771957390187  0.024155810890280  0.046092307692308  0.068864023211600  0.681961719484291  0.849995066020404
fg8uf05m1wk-2wk 0.126923076923077  0.032696192696193  0.023308539308539  0.053698406522191  0.093321706248726  0.698731800847050  0.867845322912703
fg8uf05m2wk-3wk 0.373684210526316  0.036842105263158  0.022691955113008  0.050579533742848  0.068220831260203  0.688923571914614  0.883915259918768
fg8uf05m3wk-4wk 0.411111111111111  0.054166666666667  0.029843927260594  0.064697863978986  0.074377736769133  0.712753839092170  0.904714282836599
lj1m0-1wk 0.007692307692308  0.133846153846154  0.260538461538462  0.178496153846154  0.142189425438556  0.693294831764596  0.867353448518929
lj1m1wk-2wk 0.007692307692308  0.123076923076923  0.219846153846154  0.163946153846154  0.150895311777536  0.705606297677223  0.874255372463759
lj1m2wk-3wk 0.005263157894737  0.123157894736842  0.176210526315789  0.138115789473684  0.110155027868598  0.687036781008929  0.888980949491589
lj1m3wk-4wk 0.175000000000000  0.080833333333333  0.081333333333333  0.087825000000000  0.099027909073744  0.685945767678930  0.900807937497082
lj1u0-1wk 0.026923076923077  0.022336127229744  0.029392741061755  0.039242307692308  0.071677710480951  0.645441495209255  0.845707376625227
lj1u1wk-2wk 0.207692307692308  0.032692307692308  0.027115384615385  0.042846846066861  0.092907941286547  0.661727090477791  0.852536511103760
lj1u2wk-3wk 0.036842105263158  0.021584263689527  0.023895948580159  0.047026315789474  0.067623055256256  0.642283458382047  0.868042518337253
lj1u3wk-4wk 0.350000000000000  0.025000000000000  0.021003054101222  0.045441968393679  0.074788152380584  0.660341868183606  0.887443835828198
lj2m0-1wk 0.007692307692308  0.151923076923077  0.271269230769231  0.183115384615385  0.139141254920241  0.689756141939061  0.864734457282085
lj2m1wk-2wk 0.007692307692308  0.130769230769231  0.218192307692308  0.162877161562310  0.147548612743005  0.701450450188383  0.873635569459433
lj2m2wk-3wk 0.021052631578947  0.119473684210526  0.171211948790896  0.131158209505161  0.107235724834088  0.677067815134492  0.885589764912310
lj2m3wk-4wk 0.233333333333333  0.074166666666667  0.076916666666667  0.085729744824588  0.097859346898292  0.676839532580891  0.896135245618414
lj2u0-1wk 0.003846153846154  0.018124018838305  0.029140222809587  0.039515938683166  0.071199235853210  0.641472785822664  0.843442157468327
lj2u1wk-2wk 0.092307692307692  0.028461538461538  0.025772129880170  0.044472285621502  0.093064717497416  0.662307551992661  0.852041914519056
lj2u2wk-3wk 0.105263157894737  0.022631578947368  0.022000737579685  0.045211408722215  0.067043328210876  0.636926140500548  0.866881160136685
lj2u3wk-4wk 0.350000000000000  0.022516835016835  0.022166666666667  0.046393241259674  0.074201544615056  0.652094777473155  0.884399287094927
lj5m0-1wk 0.007692307692308  0.153885003885004  0.246000000000000  0.167707692307692  0.119436923076923  0.660926220220801  0.853123623540190
lj5m1wk-2wk 0.000000000000000  0.130815850815851  0.195076923076923  0.146792307692308  0.133289167756428  0.680361011594253  0.863841413597724
lj5m2wk-3wk 0.047368421052632  0.130526315789474  0.145210526315789  0.115421052631579  0.096069731879559  0.643420841706268  0.871877053607479
lj5m3wk-4wk 0.316666666666667  0.081742424242424  0.065666666666667  0.085095893877142  0.090595626390049  0.643320522009781  0.885260869777091
lj5u0-1wk 0.000000000000000  0.018100713719270  0.025464473277726  0.040592307692308  0.068796081328529  0.632656959570350  0.842096488091134
lj5u1wk-2wk 0.007692307692308  0.018076923076923  0.022387127947429  0.047834615384615  0.093090179652327  0.660270150337492  0.850532415533818
lj5u2wk-3wk 0.021052631578947  0.017368421052632  0.020317793481700  0.046305263157895  0.066211338065021  0.629243147337600  0.864353117346431
lj5u3wk-4wk 0.341666666666667  0.020833333333333  0.020916666666667  0.047667861131997  0.071258936166214  0.634211310166511  0.878501882947211
ureps0-B0 0.000000000000000  0.000000000000000  0.000616522218105  0.009276675306192  0.053906196165800  0.569797016414605  0.790007813736194
ureps0-C0 0.000000000000000  0.000000000000000  0.001001215614214  0.006567911724708  0.052211049096475  0.573364618212712  0.824953423900119
ureps1wk-B1wk 0.038461538461538  0.057307692307692  0.038923076923077  0.016777783735857  0.089562183975378  0.649191261759196  0.840285996977184
ureps1wk-C1wk 0.038461538461538  0.054615384615385  0.038769967791197  0.013572254052080  0.088721377407480  0.626631678170722  0.838171456629853
ureps2wk-B2wk 0.031578947368421  0.029444444444444  0.062947368421053  0.019397935054714  0.065379118758815  0.649495061216293  0.848779824248651
ureps2wk-C2wk 0.047368421052632  0.080000000000000  0.063105263157895  0.017160076188225  0.065241386861773  0.619850958557947  0.855218252958199
ureps3wk-B3wk 0.083333333333333  0.118670033670034  0.088801075268817  0.020194514333051  0.073723863912152  0.658568424056692  0.863803175984363
ureps3wk-C3wk 0.083333333333333  0.116144781144781  0.088554014193117  0.018983909429575  0.073268304282804  0.638554949470238  0.869951512409186
urepsB0-B1wk 0.007692307692308  0.000384615384615  0.000500310173697  0.008890880648476  0.051594831071033  0.585605011526369  0.804170643222037
urepsB0-C0 0.000000000000000  0.000000000000000  0.000346153846154  0.006435945255168  0.052481104214396  0.573538954030356  0.824987852557559
urepsB1wk-B2wk 0.003846153846154  0.002692307692308  0.003654309779672  0.013870116691512  0.081837388966671  0.643423215231909  0.828459393995843
urepsB1wk-C1wk 0.053846153846154  0.055000000000000  0.038965107484707  0.013611287148390  0.088425861197075  0.626584957054943  0.838180971136331
urepsB2wk-B3wk 0.000000000000000  0.004736842105263  0.003264452113891  0.014359649209897  0.060136287654388  0.637432579068733  0.850648998491819
urepsB2wk-C2wk 0.031578947368421  0.078947368421053  0.063315894947790  0.017309236871233  0.065152646933822  0.619915548546921  0.855283597892784
urepsB3wk-B4wk 0.066666666666667  0.015000000000000  0.008833333333333  0.015672504219748  0.066129048004061  0.646748565079716  0.875196178312379
urepsB3wk-C3wk 0.100000000000000  0.115833333333333  0.088417678812416  0.018880777665141  0.073583992439951  0.638520799378967  0.869927028485937
urepsC0-C1wk 0.000000000000000  0.000000000000000  0.000384615384615  0.006154131550111  0.053012014843734  0.650274081096052  0.844499060537222
urepsC1wk-C2wk 0.003846153846154  0.002307692307692  0.003884615384615  0.012446184618462  0.083802434805911  0.679846601975500  0.857904618138247
urepsC2wk-C3wk 0.015789473684211  0.004736842105263  0.003317519532970  0.013432310957048  0.061404250579009  0.660013342702717  0.867595235082125
urepsC3wk-C4wk 0.066666666666667  0.014200680272109  0.009003012048193  0.016237483930928  0.066175022271785  0.641941222440696  0.879348751675312
rreps0d0-1wk 0.000000000000000  0.000384615384615  0.008291917841212  0.078063417106735  0.651164160886503  0.922415521743428  0.982120357133549
rreps0d1wk-2wk 0.007692307692308  0.002700156985871  0.006857618036797  0.046517723931475  0.456851376737700  0.869617190986906  0.954537066235986
rreps0d2wk-3wk 0.000000000000000  0.008947368421053  0.012589331803502  0.044184915753781  0.540952533565511  0.817507777850601  0.934837628874099
rreps0d3wk-4wk 0.341666666666667  0.020833333333333  0.017991554107204  0.054921636494838  0.400386148087778  0.765527346289550  0.929196973342300
fg5mf1c0-1wk 0.184615384615385  0.256923076923077  0.422423076923077  0.257513245084081  0.136704795565903  0.738015946888603  0.883042066919128
fg5mf1c1wk-2wk 0.161538461538462  0.242692307692308  0.291346153846154  0.183442307692308  0.135033836282216  0.742817366820291  0.890221486610642
fg5mf1c2wk-3wk 0.173684210526316  0.264736842105263  0.200105263157895  0.138369554500910  0.100401235283001  0.732859396116799  0.900968181797817
fg5mf1c3wk-4wk 0.391666666666667  0.145000000000000  0.094666666666667  0.099562031816351  0.095820172338940  0.744412553582599  0.913841646608407
