creps0 0.150000000000000  0.001153846153846  0.000617019463405  0.003688536636088  0.049985548008729  0.648466950304122  0.867008801221428
creps1wk 0.153846153846154  0.003846153846154  0.006076923076923  0.027823111968636  0.085174625759152  0.675874906852748  0.891549200358396
creps2wk 0.210526315789474  0.006842105263158  0.005421263474211  0.033521107439672  0.078987883913174  0.667260497165517  0.895894120867580
creps3wk 0.308333333333333  0.020000000000000  0.016916750083417  0.050066851073062  0.112960217680150  0.715885823053240  0.922512309734540
ereps0 0.000000000000000  0.000000000000000  0.001040212583313  0.010673492463279  0.068213426687665  0.555573272442473  0.679636348932222
ereps1wk 0.000000000000000  0.081153846153846  0.041291566222788  0.052190353998660  0.104524608210169  0.630893043424814  0.762426871028973
ereps2wk 0.005263157894737  0.113157894736842  0.038218837470868  0.045507455481600  0.074827681793248  0.632248826207649  0.804930950463285
ereps3wk 0.025000000000000  0.174166666666667  0.055855708981756  0.049878492874070  0.080865837597012  0.643693360298237  0.837445997104346
rreps0 0.000000000000000  0.000000000000000  0.000461654038808  0.003811558487572  0.045422945170107  0.698196518046644  0.897739304754691
rreps1wk 0.003846153846154  0.011153846153846  0.009154193582372  0.025234635410649  0.080549513055220  0.712124987324129  0.903213596775272
rreps2wk 0.005263157894737  0.013157894736842  0.011218539056559  0.032773841783793  0.079132292225545  0.687718220931497  0.903404636623107
rreps3wk 0.300000000000000  0.020833333333333  0.017251671688439  0.047567697172992  0.122376599951297  0.716182550179636  0.922218899092223
rreps7m0 0.000000000000000  0.000000000000000  0.000730769230769  0.004442357757392  0.051290548043113  0.674221857872421  0.878426018141595
rreps7m1wk 0.000000000000000  0.006153846153846  0.008308078236256  0.023019285840824  0.085812434173977  0.689064129384132  0.885396626162343
rreps7m2wk 0.005263157894737  0.007894736842105  0.009007819648910  0.032047553398365  0.082685331944013  0.668688328290865  0.895814251420151
rreps7m3wk 0.308333333333333  0.021666666666667  0.017585005021772  0.046051106438370  0.123998527517017  0.704960916694842  0.920388670840828
ureps0 0.000000000000000  0.000000000000000  0.000461654038808  0.004250155201762  0.051935970249491  0.591855476654690  0.783185810900822
ureps1wk 0.000000000000000  0.003076923076923  0.003615423115423  0.010823187066263  0.080173056902484  0.661791831493639  0.825679426747394
ureps2wk 0.000000000000000  0.004210526315789  0.003054763265290  0.012405393327115  0.058860747946028  0.652434994669009  0.837117753800171
ureps3wk 0.058333333333333  0.016666666666667  0.009083500166833  0.014916992089717  0.065929173156304  0.651181533407423  0.851925446858802
fg5cf1cA0 0.000000000000000  0.013461538461538  0.017905444107560  0.032216415956128  0.059882758202658  0.719364056091269  0.901944780396751
fg5cf1cA1wk 0.003846153846154  0.023461538461538  0.026865061919820  0.063863641195092  0.091581582824790  0.730745853122350  0.906926201799369
fg5cf1cA2wk 0.121052631578947  0.018947368421053  0.029358701854418  0.075540596459608  0.099296900419757  0.727420469028235  0.917616792769726
fg5cf1cA3wk 0.300000000000000  0.035833333333333  0.039061311666002  0.087598348686626  0.148701309119946  0.765041340596960  0.936688505362265
fg5cf1cB0 0.011538461538462  0.010000000000000  0.019022346135011  0.034462649906417  0.059851647200567  0.719351262217390  0.902007289862800
fg5cf1cB1wk 0.011538461538462  0.017692307692308  0.027598445109179  0.064532907009882  0.088144499390213  0.733514730726416  0.908428843028396
fg5cf1cB2wk 0.005263157894737  0.022631578947368  0.028721432612178  0.075119502721960  0.098936971989716  0.726443799467314  0.917073850221482
fg5cf1cB3wk 0.300000000000000  0.037500000000000  0.040992174786563  0.089148457160976  0.148408073183338  0.764989512686350  0.936739751570677
fg5cf1cC0 0.065384615384615  0.009230769230769  0.017440711399993  0.032255007663809  0.062995194060798  0.716210793377262  0.900500529191772
fg5cf1cC1wk 0.007692307692308  0.020000000000000  0.028177466117071  0.064875274780291  0.092376637722626  0.727081656370267  0.906923977507851
fg5cf1cC2wk 0.136842105263158  0.021052631578947  0.029518620471193  0.076398402133300  0.099031353141289  0.726914151337543  0.917642484307014
fg5cf1cC3wk 0.300000000000000  0.035833333333333  0.037469552950709  0.089298348686626  0.148356903812087  0.764940049942246  0.936735782768167
fg2cf05c0 0.053846153846154  0.015000000000000  0.017329887152258  0.032008733661452  0.058707619820007  0.714005547621362  0.901183956431211
fg2cf05c1wk 0.057692307692308  0.015769230769231  0.028834119580723  0.063594425445387  0.088655852256830  0.731161126903231  0.906864358107546
fg2cf05c2wk 0.015789473684211  0.022105263157895  0.029945065785079  0.076487937476614  0.100496372756554  0.725247139608654  0.916267127464790
fg2cf05c3wk 0.300000000000000  0.032500000000000  0.039329530567805  0.089598641567371  0.150943150332874  0.764241080194054  0.937313410428018
fg2uf05c0 0.003846153846154  0.010769230769231  0.009582470232406  0.025647055017677  0.078321995316705  0.666344517319597  0.856388277565360
fg2uf05c0d0 0.007692307692308  0.006153846153846  0.009320320796966  0.024716265760874  0.077467487958167  0.668058227599235  0.858016731304303
fg2uf05c0d1wk 0.003846153846154  0.013076923076923  0.015324416300136  0.033854687247268  0.095646588174721  0.685104037752930  0.864485574016750
fg2uf05c0d2wk 0.010526315789474  0.010000000000000  0.015491988288806  0.036501068757806  0.070894415270892  0.678069846037725  0.882928147360758
fg2uf05c0d3wk 0.275000000000000  0.017500000000000  0.018276722670358  0.044618662594706  0.078961803156870  0.700271959699456  0.899034829465151
fg2uf05c1wk 0.000000000000000  0.015384615384615  0.016712493107114  0.037700936217082  0.096514405510795  0.675783371616990  0.860528624414223
fg2uf05c2wk 0.005263157894737  0.012631578947368  0.017970849783163  0.041464486990983  0.072627206735091  0.673431133117082  0.879851008839591
fg2uf05c3wk 0.300000000000000  0.024166666666667  0.022125313465766  0.050577722706185  0.081390228535080  0.692990186493284  0.896463885540129
fg2uf05c7m0 0.053846153846154  0.009230769230769  0.010549299786129  0.025681640363241  0.077156669686889  0.673117285324479  0.859300132537881
fg2uf05c7m1wk 0.000000000000000  0.013076923076923  0.017555994494640  0.037477984456717  0.095483343770998  0.684286748559254  0.864163716664963
fg2uf05c7m2wk 0.000000000000000  0.013684210526316  0.019084569145810  0.040180290166690  0.070898460710162  0.676839339282134  0.883088599101874
fg2uf05c7m3wk 0.291666666666667  0.027500000000000  0.021694810775213  0.049219345983111  0.079136535081167  0.704199805058555  0.899598467035744
fg2uf05m0 0.003846153846154  0.009230769230769  0.010822547045461  0.027550821067388  0.082365818143937  0.665715493283325  0.856240108859924
fg2uf05m1wk 0.011538461538462  0.018461538461538  0.016551282062675  0.038500911184540  0.100628361970271  0.676493087323721  0.860744910075331
fg2uf05m2wk 0.005263157894737  0.019473684210526  0.019813096407317  0.042554145652506  0.073777833891894  0.666016026787516  0.877437228692577
fg2uf05m3wk 0.250000000000000  0.025833333333333  0.021351433671785  0.049502917960015  0.082062566826158  0.683368761502458  0.893532633908122
fg5mf1c0d0 0.003846153846154  0.012307692307692  0.020147657274469  0.044020978040684  0.093690550991806  0.690147032479176  0.876389076172910
fg5mf1c0d1wk 0.011538461538462  0.018846153846154  0.026602525936255  0.058317302108125  0.114762461623186  0.733060732060240  0.889545398376638
fg5mf1c0d2wk 0.021052631578947  0.016315789473684  0.027874146357167  0.059976821973829  0.088575887441505  0.725219944141995  0.903562316245820
fg5mf1c0d3wk 0.291666666666667  0.024166666666667  0.029054669828958  0.067637813323988  0.094078929056932  0.734762242084230  0.915009265138430
fg5mf1m0 0.007692307692308  0.010384615384615  0.021487025975064  0.048851932512266  0.102392526520589  0.726957216046170  0.888988136208479
fg5mf1m1wk 0.073076923076923  0.020384615384615  0.031218863950234  0.071891024870794  0.125250285231173  0.740599079775101  0.894040042689707
fg5mf1m2wk 0.100000000000000  0.026315789473684  0.034887075507097  0.069108640706603  0.095342635588148  0.716399536449684  0.899718047834099
fg5mf1m3wk 0.350000000000000  0.054166666666667  0.036582735550910  0.074880380327759  0.100118733027145  0.719425378669871  0.907810725144087
fg5mf1u0 0.011538461538462  0.008076923076923  0.022176813708890  0.051667482342430  0.107517732823508  0.652156413660491  0.857341353864235
fg5mf1u1wk 0.003846153846154  0.016153846153846  0.026680314171372  0.067051992590367  0.128102309061197  0.678894276898903  0.866861297804275
fg5mf1u2wk 0.031578947368421  0.018947368421053  0.028412306069100  0.065060936585983  0.099442720851466  0.648707761171392  0.876920094314828
fg5mf1u3wk 0.233333333333333  0.020000000000000  0.028125618693039  0.069621754113681  0.101698088017817  0.666036507068109  0.890227431388298
fg5uf1m0 0.026923076923077  0.008461538461538  0.009662432470390  0.030008718641927  0.080649996827314  0.667344223056891  0.858765255965909
fg5uf1m1wk 0.007692307692308  0.016923076923077  0.015826204528749  0.041681690428326  0.099974987588919  0.678233976673570  0.861800504813660
fg5uf1m2wk 0.047368421052632  0.018421052631579  0.017235751127985  0.046933462975552  0.073227921557342  0.662915208245164  0.877840391540903
fg5uf1m3wk 0.308333333333333  0.029166666666667  0.022642609753163  0.052277896265145  0.077693638625773  0.682924874857900  0.893358237128438
fg5uf1u0 0.003846153846154  0.004615384615385  0.009977474992581  0.029478039528310  0.084062066381224  0.632110113971235  0.844709496282564
fg5uf1u1wk 0.003846153846154  0.013846153846154  0.015286855787353  0.041058728654944  0.100169032444742  0.641920141210465  0.850144650015294
fg5uf1u2wk 0.010526315789474  0.016315789473684  0.016017916478684  0.045528035393380  0.073853281470616  0.624756575726593  0.863590751396407
fg5uf1u3wk 0.291666666666667  0.019166666666667  0.017517518097920  0.049410513667768  0.077041428015428  0.648394783482531  0.883631131426364
fg8cf05c0 0.015384615384615  0.011538461538462  0.016906536548617  0.030089232540765  0.062077831751417  0.716876320297423  0.904391423787166
fg8cf05c1wk 0.000000000000000  0.017307692307692  0.026212941979222  0.061009399527078  0.089069150566198  0.729299182958592  0.909258982886865
fg8cf05c2wk 0.005263157894737  0.020000000000000  0.029096934783818  0.070502836318793  0.099077179592882  0.717333176933895  0.913426110790083
fg8cf05c3wk 0.300000000000000  0.033333333333333  0.037985674696730  0.083197893094356  0.140609539209184  0.760531724911759  0.935894388818620
fg8uf05c0 0.003846153846154  0.008846153846154  0.009160450039536  0.027704752331878  0.076477329911495  0.680757042609082  0.866560168891782
fg8uf05c0d0 0.003846153846154  0.003461538461538  0.008623583455625  0.026912574808790  0.071740083141545  0.687808790233979  0.869014693653626
fg8uf05c0d1wk 0.096153846153846  0.012692307692308  0.013743256614453  0.039762494704655  0.094281631040831  0.703201891705776  0.873508413567082
fg8uf05c0d2wk 0.052631578947368  0.008947368421053  0.013061402721536  0.039974581693043  0.066456612679859  0.700123443678572  0.892206670650728
fg8uf05c0d3wk 0.300000000000000  0.014166666666667  0.014338215035032  0.044909765194753  0.070984394046928  0.733527972990830  0.911166176841735
fg8uf05c1wk 0.011538461538462  0.012692307692308  0.014545528584256  0.042881760519445  0.092093715003203  0.690183229509486  0.866690396499504
fg8uf05c2wk 0.010526315789474  0.012105263157895  0.017912174289838  0.046264439033902  0.069109097417251  0.679053420718228  0.885741296061949
fg8uf05c3wk 0.308333333333333  0.018333333333333  0.019768270525389  0.050093532425486  0.072773527352830  0.715158026410491  0.905570852052833
fg8uf05c7m0 0.003846153846154  0.006923076923077  0.010015243453196  0.028143128759695  0.075867663414018  0.681822606954636  0.868230733204468
fg8uf05c7m1wk 0.011538461538462  0.014230769230769  0.015043621757721  0.040954296739608  0.091116955497847  0.697501219445010  0.870329685005632
fg8uf05c7m2wk 0.010526315789474  0.013157894736842  0.015749649086110  0.045337862905988  0.067759776806858  0.693202044826131  0.890109772352007
fg8uf05c7m3wk 0.300000000000000  0.021666666666667  0.019869570833557  0.048235296719068  0.071654704609999  0.721284953279652  0.909796669798040
fg8uf05m0 0.007692307692308  0.005769230769231  0.010516566508711  0.030816445995178  0.076154850127939  0.670510473353864  0.870528042260801
fg8uf05m1wk 0.046153846153846  0.011923076923077  0.015241620992563  0.045851101431861  0.098461392332932  0.685014886424734  0.866134700822570
fg8uf05m2wk 0.226315789473684  0.017368421052632  0.017759672024143  0.049238383582868  0.071459309597238  0.674144857819095  0.881785183304567
fg8uf05m3wk 0.266666666666667  0.022500000000000  0.022121436118505  0.050118803611361  0.071716124900654  0.696656213055443  0.898663185068177
lj1m0 0.003846153846154  0.008461538461538  0.020759914692835  0.046775014441851  0.102413041666140  0.678516266598231  0.867956454937182
lj1m1wk 0.003846153846154  0.014615384615385  0.027169639459806  0.063967562446565  0.125099370120445  0.690483704884364  0.872258849949001
lj1m2wk 0.000000000000000  0.015789473684211  0.029305313358134  0.065176753463713  0.096617986177334  0.673678188965032  0.882711690451128
lj1m3wk 0.166666666666667  0.021666666666667  0.030304171005176  0.065013540102133  0.101748230676933  0.677710668813598  0.893772701022211
lj1u0 0.000000000000000  0.003846153846154  0.010236161535074  0.022769986752008  0.079110609144177  0.638489405520550  0.847269128847780
lj1u1wk 0.003846153846154  0.012307692307692  0.014666204291825  0.034031710454360  0.098108752540227  0.650184439846254  0.851902773585302
lj1u2wk 0.010526315789474  0.012105263157895  0.016010462970574  0.039569572022577  0.071567462847730  0.623480842948665  0.865038697860474
lj1u3wk 0.300000000000000  0.020833333333333  0.016681061521514  0.043593402256266  0.077391913417510  0.648436913078659  0.883183778933163
lj2m0 0.003846153846154  0.008461538461538  0.021183146156146  0.047805823724688  0.102260625112152  0.671591837070013  0.863656474749236
lj2m1wk 0.000000000000000  0.014615384615385  0.027341473510264  0.064917587479107  0.124500962922018  0.683403905333751  0.867287025149921
lj2m2wk 0.010526315789474  0.015263157894737  0.027094064247652  0.061013712036173  0.095359500583401  0.663191621953603  0.878941941620728
lj2m3wk 0.208333333333333  0.020833333333333  0.030731103252460  0.065571689029071  0.100543984328020  0.666589941703854  0.890915030097817
lj2u0 0.003846153846154  0.003076923076923  0.009703738037167  0.024954812409979  0.078845735942467  0.631338881285495  0.845103850070063
lj2u1wk 0.007692307692308  0.012307692307692  0.014972776848612  0.035089442814120  0.098450701103796  0.645482254045747  0.849353691279062
lj2u2wk 0.047368421052632  0.012631578947368  0.015708062479490  0.037559134769938  0.071175635393871  0.620396649393234  0.861725363580276
lj2u3wk 0.300000000000000  0.017500000000000  0.018193307596993  0.043960123160108  0.076410983723075  0.641134132958600  0.880323287279629
lj5m0 0.015384615384615  0.008461538461538  0.019060848263658  0.046617277075583  0.097570610985715  0.657418320255745  0.854909793056743
lj5m1wk 0.003846153846154  0.016538461538462  0.026020530492374  0.065917722654836  0.120802217826527  0.656834406382614  0.858991951235336
lj5m2wk 0.031578947368421  0.016315789473684  0.027611093408638  0.062561046202168  0.090410256170807  0.622594382001929  0.865640142378773
lj5m3wk 0.283333333333333  0.020000000000000  0.029812514647104  0.067779490838090  0.094386184929094  0.635472830419556  0.879832767446295
lj5u0 0.000000000000000  0.004230769230769  0.009821453519590  0.027397195199914  0.077034187960386  0.627603424247451  0.842400189043799
lj5u1wk 0.003846153846154  0.010769230769231  0.014008314726128  0.038985566621223  0.098097164931288  0.636636664394480  0.847277276437956
lj5u2wk 0.000000000000000  0.012631578947368  0.014915013389378  0.041990816482480  0.071853811931552  0.612579752365884  0.857692316853650
lj5u3wk 0.300000000000000  0.020833333333333  0.018685714705815  0.045876985080605  0.072702002373016  0.625312880264787  0.874467895102719
urepsB0 0.000000000000000  0.000000000000000  0.000230769230769  0.004080899399989  0.051408324623520  0.591684749538190  0.783093810668440
urepsB1wk 0.007692307692308  0.003076923076923  0.003807807884962  0.010323212098805  0.080124539499637  0.661749680528577  0.825667603901602
urepsB2wk 0.000000000000000  0.004210526315789  0.003212869798165  0.012289672363546  0.058710636234897  0.652381778308696  0.837166115299047
urepsB3wk 0.066666666666667  0.015000000000000  0.008833835510552  0.014808669603818  0.065332986793746  0.650686246491475  0.851758759228206
urepsC0 0.000000000000000  0.000000000000000  0.000423076923077  0.005107862528980  0.052931904627701  0.661177948462641  0.853223273203354
urepsC1wk 0.003846153846154  0.002307692307692  0.003731001004870  0.011819416010044  0.082842639705083  0.673205332760444  0.856789551546194
urepsC2wk 0.000000000000000  0.004210526315789  0.003105368526421  0.012747580802412  0.059746048828417  0.645368434859120  0.865952714642519
urepsC3wk 0.066666666666667  0.014166666666667  0.009000418760469  0.015308832315343  0.065187442618829  0.641996148858016  0.873754393672739
fg5mf1c0 0.042307692307692  0.010000000000000  0.023101471684293  0.053182796866696  0.101946631844717  0.729739915705816  0.888094722068082
fg5mf1c1wk 0.030769230769231  0.024615384615385  0.031227836533306  0.072152508260739  0.120564767166092  0.744443448408978  0.894852655397782
fg5mf1c2wk 0.026315789473684  0.029473684210526  0.031195838027335  0.072656502400489  0.093787132450116  0.725412983156869  0.905211354358150
fg5mf1c3wk 0.316666666666667  0.035000000000000  0.035161439109513  0.077830716598244  0.099326033103514  0.729743308442190  0.913264599618167
rreps0d0 0.000000000000000  0.000000000000000  0.000500000000000  0.003803866179880  0.050287669286950  0.660177974499216  0.868887255430174
rreps0d1wk 0.007692307692308  0.002692307692308  0.006154039427909  0.027503861173372  0.085194332948125  0.676073762789834  0.877709574956093
rreps0d2wk 0.005263157894737  0.013157894736842  0.011218539056559  0.032773841783793  0.079132292225545  0.687718220931497  0.903404636623107
rreps0d3wk 0.300000000000000  0.020833333333333  0.017251671688439  0.047567697172992  0.122376599951297  0.716182550179636  0.922218899092223
