dreps 0.000830392360390  0.000882768361582  0.003233256351039  0.027661954642530  0.141666778753682  0.523521214363884  0.563089871241851
ureps0 0.083333333333333  0.000000000000000  0.000000000000000  0.000541544174532  0.011870073717992  0.249605170740817  0.752290606777242
ureps1wk 0.142857142857143  0.000000000000000  0.000000000000000  0.000539499036609  0.016486890585785  0.279689727833647  0.721946462872349
ureps2wk 0.111111111111111  0.000000000000000  0.000486381322957  0.001085854929781  0.018005144326951  0.287917446277712  0.715347717206222
ureps3wk 0.001736864958749  0.000261301280376  0.003209429888545  0.024639951627089  0.141664873298542  0.476863658111901  0.548418640976659
ureps4wk 0.000625390869293  0.000846262341326  0.003224257391782  0.026972479709372  0.141664873298542  0.510712715879164  0.558671317872430
urepsB0 0.058823529411765  0.000000000000000  0.000000000000000  0.000465116279070  0.010962028713270  0.248545730067947  0.751321246424680
urepsB1wk 0.166666666666667  0.000000000000000  0.000000000000000  0.000617951490808  0.015629796719211  0.276233599046224  0.723951993008084
urepsB2wk 0.125000000000000  0.000000000000000  0.000000000000000  0.000785826546650  0.018069442371785  0.286352226087345  0.714078285696314
urepsB3wk 0.001736864958749  0.000261301280376  0.003209429888545  0.024639951627089  0.141664873298542  0.477161148149181  0.546706671143702
urepsB4wk 0.000625390869293  0.000846262341326  0.003224257391782  0.026972479709372  0.141664873298542  0.510712715879164  0.558671317872430
urepsC0 0.111111111111111  0.000000000000000  0.000000000000000  0.000922995780591  0.017694281562703  0.256539855173920  0.756467043755335
urepsC1wk 0.166666666666667  0.000000000000000  0.000000000000000  0.001056245048851  0.020128875175787  0.280306440287355  0.707424116506391
urepsC2wk 0.125000000000000  0.000000000000000  0.000000000000000  0.001037846813810  0.019438279635724  0.268322964277485  0.695215685325655
urepsC3wk 0.050000000000000  0.000261301280376  0.002709188017648  0.024639951627089  0.141664873298542  0.479192403491082  0.543280463141090
urepsC4wk 0.000916800366720  0.000882768361582  0.003224257391782  0.026972479709372  0.141664873298542  0.510712715879164  0.558671317872430
ereps0 0.052631578947368  0.000000000000000  0.000617665225448  0.005321816662023  0.044378806780656  0.342094836210910  0.640552018564246
ereps1wk 0.014705882352941  0.000743731406715  0.003532788695076  0.012166071124723  0.055551627841210  0.365937713281795  0.588070145628256
ereps2wk 0.013986013986014  0.000654107796965  0.002919522721503  0.011114562838701  0.046633634508890  0.351100522182269  0.631412640722084
ereps3wk 0.010638297872340  0.001213101496159  0.003233256351039  0.024639951627089  0.141664873298542  0.473957042457645  0.534560002019208
ereps4wk 0.000625390869293  0.000846262341326  0.003224257391782  0.026972479709372  0.141664873298542  0.510712715879164  0.554275350466166
creps0 0.000000000000000                nan                nan                nan  0.000000000000000  0.235294117647059  0.876528503838456
creps1wk 0.000000000000000                nan                nan                nan  0.000000000000000  0.285714285714286  0.883146183800371
creps2wk 0.000000000000000                nan                nan                nan  0.000000000000000  0.428571428571429  0.715172486717681
creps3wk 0.000000000000000  0.000261301280376  0.002709188017648  0.024639951627089  0.141697147490051  0.500000000000000  0.537969767153709
creps4wk 0.000000000000000  0.000846262341326  0.003224257391782  0.026972479709372  0.141664873298542  0.521251953757551  0.534560002019208
rreps0 0.000043336855313  0.000146884667995  0.000000000000000  0.001621363853124  0.000877449546651  0.080708661417323                nan
rreps1wk 0.000081748152806  0.000430505285648  0.000553403431101  0.002253098009763  0.000793335977787  0.087293889427740                nan
rreps2wk 0.000110230120687  0.001000325448348  0.002735585090437  0.007964601769912  0.003532182103611  0.261823357415802                nan
rreps3wk 0.000040723821665  0.000882768361582  0.003233256351039  0.024639951627089  0.141664873298542  0.476863658111901  0.460387238056004
rreps4wk 0.000064851866069  0.000882768361582  0.003224257391782  0.026972479709372  0.141664873298542  0.510712715879164  0.516363075023155
rreps0d0               nan                nan                nan                nan                nan                nan  0.878926800426397
rreps0d1wk               nan                nan                nan                nan                nan                nan  0.883491542174758
rreps0d2wk 0.000110230120687  0.001000325448348  0.002735585090437  0.007964601769912  0.003532182103611  0.261823357415802                nan
rreps0d3wk 0.000040723821665  0.000882768361582  0.003233256351039  0.024639951627089  0.141664873298542  0.476863658111901  0.460387238056004
rreps0d4wk 0.000064851866069  0.000882768361582  0.003224257391782  0.026972479709372  0.141664873298542  0.510712715879164  0.516363075023155
rreps7m0 0.000043474300478  0.000077794777377  0.000000000000000  0.002232765838683  0.005825242718447  0.120045300113250  0.887058745939886
rreps7m1wk 0.000096232025232  0.000765452037280  0.000659978880676  0.002866242038217  0.004319387881032  0.098544232922732  0.884058811028034
rreps7m2wk 0.000114376140824  0.000850824276000  0.003209429888545  0.006003720615593  0.011151353412124  0.261823357415802  0.713666265477388
rreps7m3wk 0.000045171417463  0.000882768361582  0.003233256351039  0.024639951627089  0.141664873298542  0.475228086384109  0.539617956064947
rreps7m4wk 0.000050654317404  0.000914369313766  0.003224257391782  0.026972479709372  0.141664873298542  0.510712715879164  0.534560002019208
lj1m0 0.000000000000000  0.000000000000000  0.004691797443779  0.014112584248331  0.058277480120331  0.369395992834202  0.522970600271951
lj1m1wk 0.000000000000000  0.000983284169125  0.005298582271230  0.017074482387739  0.060404032012406  0.395717051441761  0.540687750655695
lj1m2wk 0.000000000000000  0.001464128843338  0.005190201911513  0.019887295387459  0.060487205538360  0.416336184846965  0.557403525856080
lj1m3wk 0.003496503496503  0.001335113484646  0.003745108999441  0.024639951627089  0.141664873298542  0.498427652439422  0.558671317872430
lj1m4wk 0.000916800366720  0.000882768361582  0.003224257391782  0.026972479709372  0.141664873298542  0.513212391137840  0.561344223260844
lj1u0 0.000000000000000  0.000000000000000  0.001850994909764  0.011461589466705  0.031387065667092  0.451797320908561  0.600952364481186
lj1u1wk 0.029411764705882  0.007731958762887  0.004061371841155  0.022667829119442  0.031412386063549  0.436171483162169  0.607425580634609
lj1u2wk 0.028571428571429  0.004357298474946  0.004128819157721  0.025019098548510  0.032001002139182  0.460909735291961  0.612596026022611
lj1u3wk 0.025974025974026  0.001496445940890  0.003233256351039  0.027661954642530  0.141664873298542  0.510712715879164  0.558671317872430
lj1u4wk 0.000916800366720  0.001207729468599  0.003224257391782  0.026972479709372  0.141664873298542  0.523519153475812  0.563089359700972
lj2m0 0.000000000000000  0.000796812749004  0.006217056358967  0.020577721959231  0.068953261062733  0.357257985921089  0.500697295279998
lj2m1wk 0.000000000000000  0.001145475372279  0.007714037375054  0.023726620035128  0.068049204209936  0.377557319857005  0.504995025418069
lj2m2wk 0.000000000000000  0.001393728222997  0.006856829402084  0.024667364329496  0.065408747363871  0.395905580075662  0.524567672979806
lj2m3wk 0.000316255534472  0.001379310344828  0.004479192116622  0.026972479709372  0.141664873298542  0.498427652439422  0.535732566358739
lj2m4wk 0.000916800366720  0.001213101496159  0.003358804265681  0.026972479709372  0.141664873298542  0.513212391137840  0.550998219811467
lj2u0 0.000000000000000  0.000000000000000  0.001846381093058  0.014456421826690  0.035634453872697  0.458515320345904  0.553820396189234
lj2u1wk 0.013157894736842  0.004032258064516  0.003558718861210  0.021820538672044  0.034256031477583  0.453126817742369  0.558608195342402
lj2u2wk 0.027932960893855  0.003508771929825  0.004284772577456  0.026914716788135  0.030715941946011  0.460904768373862  0.562502528828647
lj2u3wk 0.025974025974026  0.001481481481481  0.003233256351039  0.027054365169820  0.141664873298542  0.507568081263256  0.539013712740617
lj2u4wk 0.000916800366720  0.001213101496159  0.003224257391782  0.026972479709372  0.141664873298542  0.523519153475812  0.550998219811467
lj5m0 0.000000000000000  0.001870907390084  0.009508266515291  0.033392869650487  0.081840824182045  0.341471851014066  0.466001191123540
lj5m1wk 0.000000000000000  0.001994680851064  0.010871486653703  0.035500654797721  0.078112073244719  0.360110081112399  0.442581580855693
lj5m2wk 0.000000000000000  0.001871782873187  0.010283741180003  0.032977474707954  0.069831328333065  0.382098514536377  0.459362689311039
lj5m3wk 0.005788712011577  0.001658374792703  0.005170068027211  0.028537439516668  0.141664873298542  0.476863658111901  0.479972741151344
lj5m4wk 0.000916800366720  0.001363884342608  0.003358804265681  0.027054365169820  0.141664873298542  0.510712715879164  0.516363075023155
lj5u0 0.000000000000000  0.000000000000000  0.002120441051739  0.019477876620734  0.038372744402383  0.460166825834630  0.474006450554857
lj5u1wk 0.000000000000000  0.000000000000000  0.003208985158444  0.025269966562517  0.038979694180245  0.459148830709285  0.464732987620795
lj5u2wk 0.012422360248447  0.000882768361582  0.003358804265681  0.028537439516668  0.034690666830730  0.454325966681742  0.468949923480268
lj5u3wk 0.025974025974026  0.000882768361582  0.003233256351039  0.025509965560767  0.141664873298542  0.498427652439422  0.483776545143208
lj5u4wk 0.000916800366720  0.000882768361582  0.003224257391782  0.026972479709372  0.141664873298542  0.521251953757551  0.516363075023155
lj1c0 0.000100811532839  0.001011192057546  0.005494844724332  0.015650179993105  0.057138008775545  0.575417823649604  0.930278160748221
lj1c1wk 0.000140469167018  0.001428296756118  0.006528151989862  0.017252223919490  0.072351421188630  0.546336750126029  0.922683773978658
lj1c2wk 0.000209746207089  0.001313641225815  0.006611829365006  0.020769527356850  0.115577889447236  0.593431387156510  0.764306847344590
lj1c3wk 0.000214765100671  0.001627467450651  0.005170068027211  0.024639951627089  0.141664873298542  0.562950920010711  0.558671317872430
lj1c4wk 0.000232974649446  0.001261034047919  0.003612231182796  0.026972479709372  0.141664873298542  0.523519153475812  0.563089359700972
lj2c0 0.000218499635834  0.001912789755228  0.009506564056134  0.023797692671508  0.057466612707406  0.543729754743174  0.926709622515349
lj2c1wk 0.000291274100131  0.001972591362126  0.010806184636220  0.027086574764169  0.060606060606061  0.545218573606362  0.921434568160353
lj2c2wk 0.000296849682742  0.002531011848473  0.010262447776122  0.025109514129470  0.094267981014969  0.585428979281455  0.758907597683218
lj2c3wk 0.000220957431408  0.002441269460119  0.005190201911513  0.027054365169820  0.141664873298542  0.568580786026201  0.558671317872430
lj2c4wk 0.000225097891409  0.001375137513751  0.003745108999441  0.026972479709372  0.141664873298542  0.523519153475812  0.563089359700972
lj5c0 0.000345575671473  0.003248228239142  0.015585965173944  0.035528551121589  0.037450722733246  0.520583392143025  0.910504829062411
lj5c1wk 0.000467377079828  0.003285636838560  0.016731239462725  0.039832963178587  0.052603613177471  0.545794651517251  0.910463767096797
lj5c2wk 0.000324939073924  0.003568581764670  0.015345711867690  0.033533835830651  0.087461773700306  0.606889041723980  0.764832590638000
lj5c3wk 0.000148137752516  0.002656924609764  0.005190201911513  0.029359849790086  0.141664873298542  0.597945543444130  0.558671317872430
lj5c4wk 0.000143742755518  0.001379310344828  0.003745108999441  0.027545236538042  0.141664873298542  0.523519153475812  0.558671317872430
fg5uf1u0 0.023897058823529  0.023134328358209  0.028831562974203  0.053101699405776  0.073188420395254  0.526371118847821  0.479800274213682
fg5uf1u1wk 0.021778584392015  0.021555042340262  0.024508886810103  0.049372343580113  0.069209624325517  0.530394700524427  0.496551504436056
fg5uf1u2wk 0.022927689594356  0.019778941244910  0.019227467811159  0.042670421500505  0.058990189765539  0.538392562178489  0.493293682102324
fg5uf1u3wk 0.025974025974026  0.004357298474946  0.005190201911513  0.032613568439928  0.141664873298542  0.541612341361687  0.507639658271167
fg5uf1u4wk 0.000916800366720  0.001379310344828  0.003745108999441  0.028761646989282  0.141664873298542  0.523519153475812  0.520130049001160
fg5mf1u0 0.010869565217391  0.015842534805569  0.032194155522536  0.055382978723404  0.108618933961197  0.417944503837501  0.429601607755054
fg5mf1u1wk 0.011560693641618  0.015108593012276  0.032945017437115  0.064406986935165  0.111132741330858  0.430559563335477  0.477571007674302
fg5mf1u2wk 0.010362694300518  0.014401772525849  0.029734641948382  0.054855984947170  0.099703117268679  0.449998435495479  0.486711175563886
fg5mf1u3wk 0.011650485436893  0.004357298474946  0.005190201911513  0.038880649945193  0.141664873298542  0.507568081263256  0.506605545799812
fg5mf1u4wk 0.000916800366720  0.001379310344828  0.003745108999441  0.030529811889948  0.141664873298542  0.521251953757551  0.520077991753064
fg5uf1m0 0.000108211547881  0.001759530791789  0.008495648570245  0.026585269791256  0.039125441248501  0.462285241954721  0.561671289084761
fg5uf1m1wk 0.003571428571429  0.000697209327927  0.006191950464396  0.029143835616438  0.037647553329364  0.470263671875000  0.566593398738362
fg5uf1m2wk 0.004488330341113  0.001261034047919  0.005190201911513  0.027604703940582  0.031073516196318  0.487953533049843  0.556328096815454
fg5uf1m3wk 0.000316255534472  0.001852060618749  0.005190201911513  0.027054365169820  0.141664873298542  0.512302066930260  0.552091605400005
fg5uf1m4wk 0.000916800366720  0.001272666777574  0.003745108999441  0.028537439516668  0.141664873298542  0.523519153475812  0.558671317872430
fg5mf1m0 0.000119027692537  0.002537393162393  0.007760890654594  0.024670637069121  0.076335934103987  0.400597265810109  0.499825083085534
fg5mf1m1wk 0.000069792265375  0.002752206510392  0.008034200633891  0.022147830744510  0.069815147743512  0.447106134907202  0.541207694948914
fg5mf1m2wk 0.000061139642944  0.003050912095595  0.008788347302466  0.023144882260069  0.074693461998141  0.477905866913234  0.539297929792979
fg5mf1m3wk 0.000084979817293  0.003274741150975  0.005190201911513  0.027661954642530  0.141664873298542  0.510712715879164  0.550998219811467
fg5mf1m4wk 0.000508065540455  0.001379310344828  0.003745108999441  0.028537439516668  0.141664873298542  0.523519153475812  0.558671317872430
fg8uf05m0 0.000065099928390  0.001806140878989  0.008573302870586  0.035725845606085  0.030228591557129  0.405054495642334  0.594223860402184
fg8uf05m1wk 0.000055930817881  0.001300390117035  0.007091260286296  0.037873042780033  0.029454566622039  0.448245450794139  0.577203803649447
fg8uf05m2wk 0.000508353949910  0.001261034047919  0.005308794903557  0.029480790021886  0.031756762612999  0.474120339328922  0.554338236262362
fg8uf05m3wk 0.000068163592622  0.001814882032668  0.005190201911513  0.027661954642530  0.141664873298542  0.505700524135863  0.558671317872430
fg8uf05m4wk 0.000079793954278  0.001968503937008  0.004479192116622  0.027661954642530  0.141664873298542  0.507208314358613  0.558671317872430
fg2uf05m0 0.005947323704333  0.001177501864378  0.005438259756878  0.022176614788210  0.041975114877885  0.460489510489510  0.589730459097412
fg2uf05m1wk 0.018735362997658  0.001266076666583  0.005453306066803  0.023761345898133  0.034319055828140  0.463544416913766  0.609968336055865
fg2uf05m2wk 0.007662835249042  0.001446320992153  0.004927536231884  0.022868053227617  0.037189984006875  0.481241373780875  0.608405822441754
fg2uf05m3wk 0.001736864958749  0.001525771776664  0.004371494556252  0.027054365169820  0.141664873298542  0.512302066930260  0.558671317872430
fg2uf05m4wk 0.002073034603731  0.001634818963900  0.004535833081343  0.027054365169820  0.141664873298542  0.512302066930260  0.558671317872430
fg5mf1c0 0.000311306789665  0.003103501784514  0.018127643614694  0.056890116575412  0.077217967665368  0.464402250921015  0.502332415916406
fg5mf1c1wk 0.000313008639038  0.004197412041493  0.021030801136800  0.056500231875097  0.077500456089446  0.470652139182669  0.584085911074893
fg5mf1c2wk 0.000247094764586  0.003272158201736  0.009316563518999  0.034407775032914  0.069732654095786  0.491464187419016  0.582091081982895
fg5mf1c3wk 0.000141450051629  0.002406674510643  0.005190201911513  0.028537439516668  0.141664873298542  0.513212391137840  0.558671317872430
fg5mf1c4wk 0.000508065540455  0.001379310344828  0.003745108999441  0.027661954642530  0.141664873298542  0.523519153475812  0.560011515511044
fg5mf1c0d0 0.007633587786260  0.012605042016807  0.012468827930175  0.019280461140926  0.050177456859626  0.496892839839060  0.470867855423296
fg5mf1c0d1wk 0.008152173913043  0.014205483977536  0.012971054068815  0.021950070654734  0.051326185876601  0.507284134849247  0.480576988277357
fg5mf1c0d2wk 0.003526448362720  0.011068254234446  0.010500446827525  0.022868053227617  0.047688833124216  0.533021667547461  0.482635399218314
fg5mf1c0d3wk 0.000239463601533  0.003679175864606  0.005060728744939  0.026350950118765  0.141664873298542  0.549808345197678  0.482642103923573
fg5mf1c0d4wk 0.000640717603716  0.001379310344828  0.003612231182796  0.027054365169820  0.141664873298542  0.523519153475812  0.516363075023155
fg8uf05c0d0 0.005470459518600  0.009121061359867  0.012282017626102  0.034718017036050  0.024287341611937  0.514624404071640  0.552005137846282
fg8uf05c0d1wk 0.003754693366708  0.006988757216651  0.011812200956938  0.033932525726195  0.024588963589163  0.524163975034607  0.521174699974336
fg8uf05c0d2wk 0.000144149112856  0.003105590062112  0.005208333333333  0.021775147928994  0.022717765176164  0.555951850200624  0.531929025142296
fg8uf05c0d3wk 0.000145823236504  0.001949317738791  0.004095004095004  0.026972479709372  0.141664873298542  0.562450992647477  0.516363075023155
fg8uf05c0d4wk 0.000121287203767  0.001658374792703  0.004016064257028  0.025509965560767  0.141664873298542  0.553666275176609  0.516363075023155
fg2uf05c0d0 0.003519749706688  0.010000000000000  0.013501350135014  0.027713787085515  0.038458991789529  0.557197193176255  0.612488115506224
fg2uf05c0d1wk 0.004120030213555  0.007201390613360  0.008070432868672  0.022156986090725  0.033980430118780  0.545457009098854  0.621690300029565
fg2uf05c0d2wk 0.000794631820590  0.004207573632539  0.006034699522253  0.023961521644075  0.028949955526427  0.554855057620381  0.602490605476104
fg2uf05c0d3wk 0.000383015977238  0.002351557907113  0.004479192116622  0.027661954642530  0.141664873298542  0.571491066179989  0.534560002019208
fg2uf05c0d4wk 0.000303432581073  0.001496445940890  0.004095004095004  0.025509965560767  0.141664873298542  0.560801428288038  0.534560002019208
fg8uf05c7m0 0.000207716397878  0.002551020408163  0.006385950908002  0.026888091462906  0.033790352622637  0.495575654472689  0.633217943988877
fg8uf05c7m1wk 0.000245739968312  0.002681579173387  0.008440437368118  0.027689181179260  0.029860630324193  0.501582035112390  0.662394786858539
fg8uf05c7m2wk 0.000225462013327  0.002190740470279  0.006342182890855  0.026972479709372  0.030343698542779  0.537093585108748  0.672685323354531
fg8uf05c7m3wk 0.000103678828278  0.001968503937008  0.004095004095004  0.027054365169820  0.141664873298542  0.549808345197678  0.606547619047619
fg8uf05c7m4wk 0.000508065540455  0.001379310344828  0.003612231182796  0.027661954642530  0.141664873298542  0.523519153475812  0.563089359700972
fg2uf05c7m0 0.000367624532810  0.003861003861004  0.010115284492376  0.032164569489608  0.047027506654836  0.524067589350231  0.680899040746925
fg2uf05c7m1wk 0.000464523377409  0.004432624113475  0.009908998988878  0.029512439472366  0.036634324243274  0.523632416421942  0.696193796760369
fg2uf05c7m2wk 0.000369483081251  0.003005710850616  0.005988857938719  0.024639951627089  0.029234004660768  0.534039604465493  0.693622277263311
fg2uf05c7m3wk 0.000216932015393  0.002656924609764  0.004364525139665  0.027054365169820  0.141664873298542  0.561973313414593  0.582486684156133
fg2uf05c7m4wk 0.000508065540455  0.001379310344828  0.003612231182796  0.027054365169820  0.141664873298542  0.523519153475812  0.563089359700972
fg8uf05c0 0.000212246330261  0.002319873583700  0.005602240896359  0.028318373182937  0.032474993877974  0.462144079663918  0.582717244371756
fg8uf05c1wk 0.000209680134432  0.002574547451770  0.007092198581560  0.027075345711455  0.029111047997728  0.462953604938609  0.626353032892567
fg8uf05c2wk 0.000206468984399  0.003120472528697  0.005170068027211  0.026972479709372  0.033215912170135  0.490019164157075  0.602249743717618
fg8uf05c3wk 0.000104413440098  0.002204850671477  0.004016064257028  0.027054365169820  0.141664873298542  0.518617296007963  0.576845980773164
fg8uf05c4wk 0.000508065540455  0.001375137513751  0.003483636720475  0.027661954642530  0.141664873298542  0.523519153475812  0.563089359700972
fg2uf05c0 0.000302702702703  0.003202195791400  0.011964107676969  0.029288025889968  0.039174190686542  0.489236337223864  0.639952843950391
fg2uf05c1wk 0.000410251038721  0.003229974160207  0.008014655369819  0.024996503985457  0.033905611575514  0.480529452133912  0.657791503721842
fg2uf05c2wk 0.000316255534472  0.002370019256406  0.005338078291815  0.024639951627089  0.032250938811575  0.501281572927989  0.647344010326764
fg2uf05c3wk 0.000229487630617  0.002471169686985  0.004095004095004  0.027054365169820  0.141664873298542  0.526456247747093  0.565952794945513
fg2uf05c4wk 0.000625390869293  0.001379310344828  0.003612231182796  0.027258407781933  0.141664873298542  0.523519153475812  0.563089359700972
fg8cf05c0 0.000109078363926  0.002072665203609  0.004719454640797  0.031561170878159  0.039130434782609  0.575545666454757  0.912199258386271
fg8cf05c1wk 0.000118673982371  0.002036659877800  0.004836598407029  0.028436687559201  0.033085013146363  0.541730710113741  0.903330373627613
fg8cf05c2wk 0.000081519316257  0.001658374792703  0.004016064257028  0.033060590729078  0.088149641577061  0.600502178323190  0.757411045623226
fg8cf05c3wk 0.000076080340840  0.001589082071415  0.003745108999441  0.030529811889948  0.141697147490051  0.562950920010711  0.558671317872430
fg8cf05c4wk 0.000316255534472  0.001379310344828  0.003291560439034  0.027054365169820  0.141664873298542  0.523519153475812  0.563089359700972
fg2cf05c0 0.000246708903231  0.001946657568886  0.005789568022943  0.020868265655756  0.064676616915423  0.539998796123518  0.930462926087761
fg2cf05c1wk 0.000395208852678  0.002844169452622  0.010448977968663  0.023434865031460  0.076923076923077  0.532646388586149  0.922277882465853
fg2cf05c2wk 0.000231010326786  0.001412358133670  0.004016064257028  0.025378950726004  0.091114033439790  0.562950920010711  0.756827307567608
fg2cf05c3wk 0.000205389666483  0.001658374792703  0.003612231182796  0.027385857576893  0.141664873298542  0.562950920010711  0.558671317872430
fg2cf05c4wk 0.000382301454758  0.001379310344828  0.003262642740620  0.026972479709372  0.141664873298542  0.523519153475812  0.563089359700972
fg5cf1cA0 0.000256166839956  0.003212435233161  0.009504147956465  0.028397021666704  0.046026653504442  0.542447547226163  0.919403503783391
fg5cf1cA1wk 0.000206739714699  0.002871322226161  0.008145141518429  0.029338913563375  0.047193877551020  0.541949068895177  0.914214745222181
fg5cf1cA2wk 0.000255577197867  0.002452504317789  0.005662241283763  0.027233641169632  0.094002383159010  0.578269734925721  0.762743696308054
fg5cf1cA3wk 0.000121037289572  0.001957968933560  0.004535833081343  0.028537439516668  0.141664873298542  0.562950920010711  0.558671317872430
fg5cf1cA4wk 0.000316255534472  0.001379310344828  0.003612231182796  0.027054365169820  0.141664873298542  0.523519153475812  0.563089359700972
fg5cf1cB0 0.000236506671978  0.003086280184499  0.008579287460706  0.028641756417753  0.050746840291076  0.543530672381463  0.917866468912959
fg5cf1cB1wk 0.000281946937586  0.003072329187990  0.012024399023261  0.032482868737942  0.046521463311482  0.533494944717082  0.915120739529619
fg5cf1cB2wk 0.000177827694324  0.002427287825235  0.005170068027211  0.027457423101322  0.090006988120196  0.565654269346185  0.764071108763759
fg5cf1cB3wk 0.000117582647741  0.001806406132969  0.004493271326189  0.028537439516668  0.141664873298542  0.562950920010711  0.558671317872430
fg5cf1cB4wk 0.000316255534472  0.001375137513751  0.003612231182796  0.027054365169820  0.141664873298542  0.523519153475812  0.563089359700972
fg5cf1cC0 0.000252145662610  0.002634265877068  0.008072844372883  0.029226653322042  0.050452781371281  0.538299207209262  0.919901450862305
fg5cf1cC1wk 0.000196543777670  0.003088423330383  0.009134984369443  0.030206320728678  0.051282051282051  0.531785777411182  0.914146218738453
fg5cf1cC2wk 0.000250636727864  0.002514474772539  0.005731704699139  0.026972479709372  0.091388888888889  0.571065121330695  0.764935033511578
fg5cf1cC3wk 0.000122083973426  0.001802801275829  0.004535833081343  0.028537439516668  0.141664873298542  0.562950920010711  0.558671317872430
fg5cf1cC4wk 0.000316255534472  0.001379310344828  0.003612231182796  0.027054365169820  0.141664873298542  0.523519153475812  0.563089359700972
fg5cf1cb1f1wk 0.020395920815837  0.001311991603254  0.003455503313884  0.027341764799837  0.147070149307952  0.522306690599374  0.563981255276542
fg5cf1cb1f2wk 0.015159171298636  0.001084337349398  0.003358804265681  0.027059967208833  0.146456183922906  0.522069742073965  0.563917748652871
fg5cf1cb1f3wk 0.003597803446317  0.001102646351243  0.003260173487803  0.027661954642530  0.144325703804131  0.521251953757551  0.563395684857158
fg5cf1cb1t1wk 0.000231669176416  0.003501411859621  0.015307975053670  0.032305207291747  0.057941653160454  0.573036057893416  0.918089752974203
fg5cf1cb1t2wk 0.000095041976873  0.002570900618623  0.005734365985419  0.026972479709372  0.086633933442444  0.585557217455194  0.768548757621289
fg5cf1cb1t3wk 0.000077236865442  0.001496445940890  0.004184333854050  0.027661954642530  0.141664873298542  0.562950920010711  0.558671317872430
fg5cf1cb2f1wk 0.004875886524823  0.004468275245755  0.005183413078150  0.026953787296941  0.142029832750258  0.521694411038673  0.564432664394800
fg5cf1cb2f2wk 0.008109261630388  0.002181818181818  0.004732172198488  0.026972479709372  0.141697147490051  0.521039634566401  0.564252236724971
fg5cf1cb2f3wk 0.002210132607956  0.001658374792703  0.003482892849826  0.027661954642530  0.141664873298542  0.524421016994524  0.563222724987431
fg5cf1cb2t1wk 0.000169719736142  0.002372479240807  0.011890241439753  0.027780529570767  0.048107389867466  0.553308381691447  0.905726371926128
fg5cf1cb2t2wk 0.000195868330395  0.002275349314190  0.007464723382188  0.027899784048900  0.087945956600426  0.582956421853687  0.755941979397065
fg5cf1cb2t3wk 0.000106690727966  0.001857457347276  0.005170068027211  0.025509965560767  0.141664873298542  0.562950920010711  0.558671317872430
fg5cf1cb3f1wk 0.009205983889528  0.010491344640671  0.011715481171548  0.031667224786337  0.141956453044826  0.519777793604444  0.565530980647260
fg5cf1cb3f2wk 0.007511095937180  0.002664890073284  0.006806241044420  0.030833543337435  0.141697147490051  0.521080115823249  0.565084046243714
fg5cf1cb3f3wk 0.004592651757188  0.002255881405092  0.004700099176405  0.028128629500581  0.141664873298542  0.526604235814762  0.563679761393385
fg5cf1cb3t1wk 0.000262738976554  0.002871279259230  0.011845418572383  0.038648052902278  0.064494335308180  0.530475059779610  0.893504834884145
fg5cf1cb3t2wk 0.000207196864194  0.002143893057570  0.006351560484911  0.029961155394811  0.097134004647560  0.569947972012531  0.755296662853733
fg5cf1cb3t3wk 0.000111882143870  0.001723580738985  0.004687895937157  0.028761646989282  0.141664873298542  0.562950920010711  0.558671317872430
fg5cf1cb4f1wk 0.014440433212996  0.016872890888639  0.039599509603596  0.072333906609050  0.138475467857918  0.533769993663641  0.576535986191043
fg5cf1cb4f2wk 0.005524861878453  0.008704385671242  0.026953223767383  0.044353732715920  0.140938559880702  0.530264535030757  0.575061791596343
fg5cf1cb4f3wk 0.002208047105005  0.001449975833736  0.005179975801573  0.029833648769798  0.141664873298542  0.529844263092399  0.565386211035522
fg5cf1cb4t1wk 0.000232768747886  0.002810668580313  0.005139968239599  0.071833463643471  0.092426739270617  0.526386142239801  0.887119180693309
fg5cf1cb4t2wk 0.000208470866196  0.001767565178966  0.004016064257028  0.038880649945193  0.136048751827510  0.562950920010711  0.761064328834545
fg5cf1cb4t3wk 0.000127277533557  0.001496445940890  0.003576040528459  0.033791336748952  0.141664873298542  0.549808345197678  0.558671317872430
fg5cf1cb5f1wk 0.000672570339648  0.004730060349046  0.016912358642973  0.074261283039978  0.185616868294910  0.540013842403206  0.593760017529408
fg5cf1cb5f2wk 0.000524315113383  0.004973062577704  0.016878574204653  0.070226429400209  0.176195089442734  0.543832105741096  0.591361871473430
fg5cf1cb5f3wk 0.000291011889914  0.001375137513751  0.003745108999441  0.028604298488731  0.141664873298542  0.539008144557655  0.562814225705353
fg5cf1cb5t1wk 0.000240020161694  0.003600823045267  0.008916633802410  0.023756885768449  0.136279242480505  0.523742043395437  0.889685397839234
fg5cf1cb5t2wk 0.000144564221012  0.002353444587077  0.005687305504882  0.023386980145859  0.141697147490051  0.549808345197678  0.737860772728378
fg5cf1cb5t3wk 0.000116259010073  0.001859451141318  0.004535833081343  0.026972479709372  0.141697147490051  0.521251953757551  0.558671317872430
fg5cf1cb6f1wk 0.000000000000000  0.000334396542854  0.002477672140593  0.041153443664974  0.214569234773555  0.368494712834335  0.731528619210826
fg5cf1cb6f2wk 0.000031273944113  0.000632261123844  0.003059652212195  0.034407775032914  0.172921570803568  0.350329593855314  0.728805843669242
fg5cf1cb6f3wk 0.000033743883921  0.000882768361582  0.003358804265681  0.028035391764921  0.149649851632047  0.473957042457645  0.669404965286613
fg5cf1cb6t1wk 0.000671185985637  0.005621284006967  0.029950619051027  0.061720937085605  0.048839246605344  0.741700457276702  0.451405101349199
fg5cf1cb6t2wk 0.000568097153926  0.005551919951025  0.021540162242128  0.042934844725926  0.067716831931718  0.749990922844175  0.458764890947011
fg5cf1cb6t3wk 0.000211721827764  0.003177279211516  0.005190201911513  0.026972479709372  0.141664873298542  0.601493289359168  0.480726557571710
fg5cf1cb7f1wk 0.000034254954735  0.001108296390120  0.004687943934085  0.044646407270662  0.090540273105086  0.698421304536412  0.364081320659343
fg5cf1cb7f2wk 0.000038717884897  0.000776397515528  0.004016064257028  0.034963676044127  0.141664873298542  0.684153930547432  0.427163152228145
fg5cf1cb7f3wk 0.000028784709562  0.001261034047919  0.003793866582359  0.028537439516668  0.141664873298542  0.601493289359168  0.471662350542730
fg5cf1cb7t1wk 0.000498212297052  0.004376535626536  0.013797703893551  0.041628258052449  0.111047608679875  0.347107618423925  0.783915117908123
fg5cf1cb7t2wk 0.000606433107970  0.004357298474946  0.008817427385892  0.037007885933976  0.117968015051740  0.370912809417969  0.782351691915617
fg5cf1cb7t3wk 0.000330581114373  0.002113694515519  0.005190201911513  0.028537439516668  0.141664873298542  0.473957042457645  0.669404965286613
fg5cf1cb15f1wk 0.000569962952408  0.005959137343927  0.016973206176203  0.072389486665988  0.184559892476068  0.539924324851004  0.593448987117611
fg5cf1cb15f2wk 0.001369863013699  0.004357298474946  0.008845459176585  0.044838118509469  0.161039197535548  0.544507410813022  0.591353967133784
fg5cf1cb15f3wk 0.001291062975183  0.001379310344828  0.004016064257028  0.032453218773632  0.141697147490051  0.541757159302643  0.563164635566250
fg5cf1cb15t1wk 0.000257256305576  0.003819996467055  0.014391927028432  0.027733604312797  0.160406091370558  0.538569706709522  0.888833091053258
fg5cf1cb15t2wk 0.000266771681551  0.003569976848170  0.011821174733085  0.026741260940202  0.153640614562458  0.564801778436458  0.763194149381333
fg5cf1cb15t3wk 0.000078347234945  0.001519083486297  0.004095004095004  0.027661954642530  0.141697147490051  0.521251953757551  0.558671317872430
fg5cf1cb56f1wk 0.000165132312265  0.002456778889900  0.012539184952978  0.046455364088230  0.193760632724569  0.330915447168202  0.764662911316375
fg5cf1cb56f2wk 0.000157623044489  0.002321770008194  0.011115699635212  0.045505210945773  0.187206798631120  0.341380862664021  0.764059332563158
fg5cf1cb56f3wk 0.000054431925102  0.001261034047919  0.003739482704892  0.027836886292413  0.141664873298542  0.473957042457645  0.669404965286613
fg5cf1cb56t1wk 0.000878208454752  0.006694279117794  0.028523307617081  0.042832918123391  0.089865632467583  0.722895611998026  0.427439900222844
fg5cf1cb56t2wk 0.000283823358662  0.003792082870884  0.011341360963316  0.024916709680447  0.087793226658381  0.718871164689113  0.455771086527838
fg5cf1cb56t3wk 0.000251891034902  0.003256552819698  0.005190201911513  0.025509965560767  0.141664873298542  0.601493289359168  0.480726557571710
fg5cf1cb67f1wk 0.000020566680606  0.001687763713080  0.009155984684535  0.078874842729615  0.133270561889251  0.491680184830163  0.813417104121027
fg5cf1cb67f2wk 0.000037228002904  0.001098664883327  0.006908606625603  0.038880649945193  0.167224117431356  0.496623476341300  0.642725649127627
fg5cf1cb67f3wk 0.000021924776093  0.001658374792703  0.004095004095004  0.034407775032914  0.142933106455387  0.521251953757551  0.558671317872430
fg5cf1cb67t1wk 0.002374301675978  0.012634025642948  0.031671286978316  0.066322385981200  0.107881374078493  0.553298329692015  0.611498515634393
fg5cf1cb67t2wk 0.001955217484465  0.007474690131517  0.012449652142073  0.037007885933976  0.114592444784605  0.560159910213634  0.608189605144038
fg5cf1cb67t3wk 0.001411088590707  0.002656924609764  0.005190201911513  0.033545593881840  0.141664873298542  0.558840046518415  0.566141247933567
fg5cf1cb567f1wk 0.000023760807867  0.001604106512672  0.012028145425281  0.057063054255988  0.138516143805816  0.506632583192587  0.856536463165708
fg5cf1cb567f2wk 0.000046863238426  0.001658374792703  0.008788071814471  0.037007885933976  0.161025800717516  0.532783682927158  0.750660631589964
fg5cf1cb567f3wk 0.000026998900408  0.001379310344828  0.004479192116622  0.033980582524272  0.141664873298542  0.549808345197678  0.558671317872430
fg5cf1cb567t1wk 0.009664717814103  0.022414592672747  0.026398774664384  0.035855381300132  0.121249135094681  0.539598815245730  0.583589786881346
fg5cf1cb567t2wk 0.006884905170174  0.008846295613712  0.013270755785726  0.034407775032914  0.124160510409671  0.531563752022005  0.580095795635977
fg5cf1cb567t3wk 0.005717008099095  0.003484001100211  0.005190201911513  0.028537439516668  0.141664873298542  0.539277765375222  0.566560940625063
