dreps 0.000000000000000  0.000077226040621  0.000651518853327  0.004618340353211  0.039590201708675  0.224021093615239  0.441329500368250
ureps0 0.000000000000000  0.000000000000000  0.000000000000000  0.000078474456564  0.000912622878152  0.053581653477412  0.262868356081841
ureps1wk 0.000000000000000  0.000000000000000  0.000000000000000  0.000155642023346  0.001555860626267  0.056646702451340  0.299223845359304
ureps2wk 0.000000000000000  0.000000000000000  0.000486618004866  0.000228136882129  0.001753265456914  0.072036295740979  0.328223618487243
ureps3wk 0.000000000000000  0.000000000000000  0.000587544065805  0.003641710642040  0.036790512705734  0.221019968605118  0.465439997980792
ureps4wk 0.000000000000000  0.000000000000000  0.000651518853327  0.004269841517196  0.038840591322463  0.224020304997395  0.449001780188533
urepsB0 0.000000000000000  0.000000000000000  0.000000000000000  0.000157703832203  0.001098493494636  0.053269424749115  0.263887533988297
urepsB1wk 0.000000000000000  0.000000000000000  0.000000000000000  0.000220264317181  0.001432389916998  0.056341631334013  0.296276942916806
urepsB2wk 0.000000000000000  0.000000000000000  0.000000000000000  0.000361036897971  0.001816255486605  0.070931909982689  0.327755986016921
urepsB3wk 0.000000000000000  0.000000000000000  0.000686012211017  0.003641710642040  0.036790512705734  0.221019968605118  0.465439997980792
urepsB4wk 0.000000000000000  0.000000000000000  0.000651518853327  0.004269841517196  0.038840591322463  0.224020304997395  0.449001780188533
urepsC0 0.000000000000000  0.000000000000000  0.000000000000000  0.000191485287547  0.001795897423937  0.054752766234582  0.256760045756565
urepsC1wk 0.000000000000000  0.000000000000000  0.000000000000000  0.000265005962634  0.002191462242000  0.066613513429009  0.303869432949157
urepsC2wk 0.000000000000000  0.000000000000000  0.000439560439560  0.000280072818933  0.002099101584522  0.069602747282630  0.330595034713387
urepsC3wk 0.000000000000000  0.000000000000000  0.000857802705378  0.003641710642040  0.036790512705734  0.221019968605118  0.465439997980792
urepsC4wk 0.000000000000000  0.000065023733663  0.000686012211017  0.004269841517196  0.038840591322463  0.224020304997395  0.449001780188533
ereps0 0.000000000000000  0.001430615164521  0.000161004669135  0.000798501274531  0.006698606765341  0.091440167119781  0.374334782428058
ereps1wk 0.000000000000000  0.000248138957816  0.000679578661230  0.003435134990070  0.016566863787706  0.133666556865216  0.428299949672874
ereps2wk 0.000000000000000  0.000255264837269  0.000774053719328  0.003249222260629  0.014115144445207  0.133300006577649  0.372544296054092
ereps3wk 0.000000000000000  0.000291970802920  0.000702148574638  0.003641710642040  0.036790512705734  0.221019968605118  0.466147839560906
ereps4wk 0.000000000000000  0.000274574409665  0.000707338638373  0.004269841517196  0.038840591322463  0.224020304997395  0.449001780188533
creps0 0.000000000000000                nan                nan                nan  0.000000000000000  0.000000000000000  0.129920654414199
creps1wk 0.000000000000000                nan                nan                nan  0.000000000000000  0.000000000000000  0.127274785429840
creps2wk 0.000000000000000                nan                nan                nan  0.000000000000000  0.111111111111111  0.309784535602459
creps3wk 0.000000000000000  0.000000000000000  0.000547645125958  0.003555484267650  0.036790512705734  0.224020304997395  0.465439997980792
creps4wk 0.000000000000000  0.000000000000000  0.000641062999009  0.004269841517196  0.038840591322463  0.224020304997395  0.474014061136041
rreps0 0.000000000000000  0.000082732374557  0.000203235509308  0.000641573994867  0.000000000000000  0.002635046113307                nan
rreps1wk 0.000000000000000  0.000227961216198  0.001082251082251  0.001864564793627  0.000000000000000  0.003300330033003                nan
rreps2wk 0.000000000000000  0.000357640224771  0.001311581892675  0.005260456761611  0.003846153846154  0.018425460636516                nan
rreps3wk 0.000000000000000  0.000166688494922  0.000952380952381  0.004658735532128  0.036790512705734  0.221019968605118  0.441328682127570
rreps4wk 0.000000000000000  0.000172577444128  0.000774053719328  0.004618340353211  0.038840591322463  0.224020304997395  0.441328682127570
rreps0d0               nan                nan                nan                nan                nan                nan  0.127297288638766
rreps0d1wk               nan                nan                nan                nan                nan                nan  0.126792975891469
rreps0d2wk 0.000000000000000  0.000357640224771  0.001311581892675  0.005260456761611  0.003846153846154  0.018425460636516                nan
rreps0d3wk 0.000000000000000  0.000166688494922  0.000952380952381  0.004658735532128  0.036790512705734  0.221019968605118  0.441328682127570
rreps0d4wk 0.000000000000000  0.000172577444128  0.000774053719328  0.004618340353211  0.038840591322463  0.224020304997395  0.441328682127570
rreps7m0 0.000000000000000  0.000043709767146  0.000000000000000  0.000453035336756  0.001152405646788  0.008257638315442  0.124368888604844
rreps7m1wk 0.000000000000000  0.000158371936493  0.000677162688336  0.002447620912473  0.002517482517483  0.011571841851495  0.127206164471160
rreps7m2wk 0.000000000000000  0.000360716623692  0.001136256036360  0.005221816245322  0.007488422504680  0.015309246785058  0.312178934941450
rreps7m3wk 0.000000000000000  0.000274574409665  0.000931966449208  0.004485422377274  0.036790512705734  0.221019968605118  0.465439997980792
rreps7m4wk 0.000000000000000  0.000137155397065  0.000774053719328  0.004269841517196  0.038840591322463  0.224020304997395  0.476601151173311
lj1m0 0.000000000000000  0.000000000000000  0.000889284126278  0.004602510460251  0.012664667098292  0.106613374027380  0.487241213288397
lj1m1wk 0.000000000000000  0.000000000000000  0.001215066828676  0.005220534100796  0.012533469678826  0.118535258779161  0.468048557031608
lj1m2wk 0.000000000000000  0.000000000000000  0.001054481546573  0.004989629985873  0.012908086804607  0.120225526504892  0.444232924012714
lj1m3wk 0.000000000000000  0.000000000000000  0.001034126163392  0.004757305346923  0.036790512705734  0.221019968605118  0.449001780188533
lj1m4wk 0.000000000000000  0.000065023733663  0.000774053719328  0.004269841517196  0.038840591322463  0.224020304997395  0.441328682127570
lj1u0 0.000000000000000  0.000000000000000  0.000482858522453  0.002298058140871  0.006479226783665  0.082307706805888  0.409745522582734
lj1u1wk 0.000000000000000  0.004301075268817  0.000984736582964  0.002527772234418  0.006513959180489  0.079885335876986  0.402671112608858
lj1u2wk 0.000000000000000  0.000315258511980  0.001081958344604  0.002449646162221  0.008163529056994  0.078703590545792  0.393032016899160
lj1u3wk 0.000000000000000  0.000315258511980  0.000857802705378  0.003555484267650  0.036790512705734  0.221019968605118  0.449001780188533
lj1u4wk 0.000000000000000  0.000088526912181  0.000651518853327  0.004269841517196  0.038840591322463  0.224020304997395  0.441328682127570
lj2m0 0.000000000000000  0.000000000000000  0.001026694045175  0.007144117128241  0.021660471491905  0.146863002061258  0.505856832971800
lj2m1wk 0.000000000000000  0.000000000000000  0.001292490629443  0.007876052775303  0.021045227544489  0.162430134312989  0.503526469263412
lj2m2wk 0.000000000000000  0.000000000000000  0.001356698699830  0.007387862796834  0.020603778934684  0.167267178161163  0.476656186019304
lj2m3wk 0.000000000000000  0.000000000000000  0.001133958270336  0.005221816245322  0.036790512705734  0.221019968605118  0.465439997980792
lj2m4wk 0.000000000000000  0.000000000000000  0.000857802705378  0.004618340353211  0.038840591322463  0.224020304997395  0.457715855277657
lj2u0 0.000000000000000  0.000000000000000  0.000467508181393  0.002289413436489  0.009038413256339  0.100802765635647  0.447246703401298
lj2u1wk 0.000000000000000  0.002016129032258  0.000853242320819  0.003042519205902  0.009078158304527  0.102210269770569  0.441948873265959
lj2u2wk 0.000000000000000  0.001490312965723  0.001139251599334  0.002653993334156  0.010022779043280  0.101628396304089  0.441992057675592
lj2u3wk 0.000000000000000  0.000000000000000  0.000774053719328  0.003555484267650  0.036790512705734  0.221019968605118  0.465439997980792
lj2u4wk 0.000000000000000  0.000065023733663  0.000641062999009  0.004269841517196  0.038840591322463  0.224020304997395  0.455281168383858
lj5m0 0.000000000000000  0.000000000000000  0.001751199896225  0.011819710023114  0.040758302836991  0.211876603849852  0.536726638343803
lj5m1wk 0.000000000000000  0.000000000000000  0.001826817683595  0.012777404169469  0.037588940591378  0.242641075601144  0.559586401858221
lj5m2wk 0.000000000000000  0.000352609308886  0.001816790973417  0.011559626251062  0.034747195984931  0.235170806050347  0.540708383114297
lj5m3wk 0.000000000000000  0.000274574409665  0.001329198050510  0.005554830381876  0.036790512705734  0.226773708547275  0.520256860642836
lj5m4wk 0.000000000000000  0.000088526912181  0.000945000945001  0.004663596344670  0.038840591322463  0.224020304997395  0.493394454200188
lj5u0 0.000000000000000  0.000000000000000  0.000416840350146  0.003104833800073  0.015635945377970  0.143146621735898  0.526076844772371
lj5u1wk 0.000000000000000  0.000000000000000  0.000581057524695  0.003608867503007  0.015883148407905  0.151103743740004  0.536804367487932
lj5u2wk 0.000000000000000  0.000000000000000  0.000859106529210  0.003523479739991  0.015056340478169  0.154070903507956  0.531303612824397
lj5u3wk 0.000000000000000  0.000000000000000  0.000651518853327  0.003555484267650  0.036790512705734  0.221019968605118  0.517357896076427
lj5u4wk 0.000000000000000  0.000000000000000  0.000651518853327  0.004269841517196  0.038840591322463  0.224020304997395  0.493394454200188
lj1c0 0.000000000000000  0.000189089533894  0.001142579530733  0.006490085761848  0.014512785072564  0.012996889042516  0.090246378582642
lj1c1wk 0.000000000000000  0.000172830971310  0.001543437441630  0.007575464271426  0.015594405594406  0.011357063988643  0.100522218461390
lj1c2wk 0.000000000000000  0.000222583301801  0.001625827430031  0.007753731215408  0.024593763724199  0.025010473397570  0.264524678185448
lj1c3wk 0.000000000000000  0.000310141631345  0.001343521706273  0.005554830381876  0.036790512705734  0.221019968605118  0.449001780188533
lj1c4wk 0.000000000000000  0.000274574409665  0.000857802705378  0.004757305346923  0.038840591322463  0.224020304997395  0.441328682127570
lj2c0 0.000000000000000  0.000272526819117  0.002210090692965  0.011346081313583  0.022201665124884  0.011767906945106  0.094862933158826
lj2c1wk 0.000000000000000  0.000370851103282  0.002375042956967  0.012404081376628  0.019198664440735  0.009771858103653  0.102040923592824
lj2c2wk 0.000000000000000  0.000430694135382  0.002910396300653  0.012511810347296  0.024611329759764  0.023748144099159  0.264988763188969
lj2c3wk 0.000000000000000  0.000522602560753  0.001343521706273  0.005766873022840  0.036790512705734  0.221019968605118  0.449001780188533
lj2c4wk 0.000000000000000  0.000274574409665  0.000945000945001  0.004993233468664  0.038840591322463  0.224020304997395  0.441328682127570
lj5c0 0.000000000000000  0.000665403364627  0.003940548167535  0.019082001031460  0.026447462473195  0.011179623119922  0.114339548519922
lj5c1wk 0.000000000000000  0.000788552841254  0.003941359713274  0.020426437737605  0.031050955414013  0.009185168488674  0.113883364765798
lj5c2wk 0.000000000000000  0.000556844547564  0.004488804866904  0.019755247370704  0.035367545076283  0.022056432329029  0.268535354270005
lj5c3wk 0.000000000000000  0.000688003962903  0.001343521706273  0.005766873022840  0.036790512705734  0.221019968605118  0.449001780188533
lj5c4wk 0.000000000000000  0.000274574409665  0.000945000945001  0.004993233468664  0.038840591322463  0.224020304997395  0.449001780188533
fg5uf1u0 0.000000000000000  0.000000000000000  0.002023267577137  0.007115552023012  0.019970441666852  0.164189521955102  0.524186122923042
fg5uf1u1wk 0.000000000000000  0.004232804232804  0.004938271604938  0.009884292874877  0.022304832713755  0.157439319985390  0.505842922578483
fg5uf1u2wk 0.000000000000000  0.004352557127312  0.005691519635743  0.008412670936472  0.021744009391617  0.152511550478304  0.510309618539400
fg5uf1u3wk 0.000000000000000  0.000588928150766  0.001329198050510  0.004993233468664  0.036790512705734  0.221019968605118  0.493394454200188
fg5uf1u4wk 0.000000000000000  0.000094029149036  0.000945000945001  0.004663596344670  0.038840591322463  0.224020304997395  0.483636924976845
fg5mf1u0 0.000000000000000  0.000412371134021  0.002310873266845  0.015438763171532  0.045911528150134  0.258793552974639  0.577427803620391
fg5mf1u1wk 0.000000000000000  0.000586854460094  0.004277525879032  0.020736111674715  0.052032081957269  0.258230384635734  0.522595854246475
fg5mf1u2wk 0.000000000000000  0.000383729854183  0.004813910044547  0.018815249266862  0.047023216328941  0.248264525970698  0.515937262240621
fg5mf1u3wk 0.000000000000000  0.000544662309368  0.001343521706273  0.005766873022840  0.040048702819144  0.230733349985104  0.493959061926760
fg5mf1u4wk 0.000000000000000  0.000266311584554  0.000945000945001  0.004993233468664  0.038840591322463  0.224020304997395  0.483302233854471
fg5uf1m0 0.000000000000000  0.000134643866972  0.002291606989401  0.004086254430878  0.010809056465326  0.091636905686159  0.453142510854135
fg5uf1m1wk 0.000000000000000  0.000091738069464  0.001303780964798  0.005309093834211  0.010069311177838  0.088689980275291  0.446726087124281
fg5uf1m2wk 0.000000000000000  0.000130973430254  0.001139251599334  0.004742486029301  0.010326572589483  0.080558816755515  0.446502315104493
fg5uf1m3wk 0.000000000000000  0.000315258511980  0.001343521706273  0.004993233468664  0.036790512705734  0.221019968605118  0.449001780188533
fg5uf1m4wk 0.000000000000000  0.000108135085676  0.000945000945001  0.004993233468664  0.038840591322463  0.224020304997395  0.449001780188533
fg5mf1m0 0.000000000000000  0.000210379816484  0.001287948482061  0.006324956820006  0.018528888997103  0.124652062233248  0.514699203358415
fg5mf1m1wk 0.000000000000000  0.000276147739040  0.001303700024832  0.005876127882366  0.013254121438564  0.114768621590183  0.466633717860874
fg5mf1m2wk 0.000000000000000  0.000324254215305  0.001598917655741  0.005475005410084  0.013290266671919  0.109124204693969  0.475010348137776
fg5mf1m3wk 0.000000000000000  0.000371885459279  0.001329198050510  0.005399440929822  0.036790512705734  0.221019968605118  0.457822038328298
fg5mf1m4wk 0.000000000000000  0.000299506465433  0.000945000945001  0.004993233468664  0.038840591322463  0.224020304997395  0.449001780188533
fg8uf05m0 0.000000000000000  0.000159897665494  0.001452244495734  0.006079244743241  0.013498585804635  0.092804031101381  0.410634955816172
fg8uf05m1wk 0.000000000000000  0.000080459153570  0.001197996079286  0.007404464350213  0.011738281250000  0.085159235143142  0.424599410332009
fg8uf05m2wk 0.000000000000000  0.000079961618423  0.001338688085676  0.005766873022840  0.011937944693024  0.082059864205795  0.448388616399257
fg8uf05m3wk 0.000000000000000  0.000315258511980  0.001343521706273  0.004859654247550  0.036790512705734  0.221019968605118  0.449001780188533
fg8uf05m4wk 0.000000000000000  0.000353107344633  0.001139251599334  0.005480688632407  0.038074725982040  0.222917391987002  0.449001780188533
fg2uf05m0 0.000000000000000  0.000115107913669  0.001016949152542  0.003673494801071  0.007275262943808  0.074275062993102  0.425491448544135
fg2uf05m1wk 0.000000000000000  0.000147870662461  0.001549358123063  0.002617344268016  0.006799884848665  0.067067827984193  0.399662127918370
fg2uf05m2wk 0.000000000000000  0.000229751462976  0.001375515818432  0.003596964512875  0.008267093150009  0.062154421007082  0.394540977840310
fg2uf05m3wk 0.000000000000000  0.000228057600834  0.001329198050510  0.004757398265852  0.036790512705734  0.221019968605118  0.449001780188533
fg2uf05m4wk 0.000000000000000  0.000273074822501  0.001133958270336  0.004757305346923  0.036790512705734  0.222917391987002  0.449001780188533
fg5mf1c0 0.000000000000000  0.000401210927527  0.002208255478172  0.014600700439008  0.030659373231656  0.112649909456397  0.506109085999730
fg5mf1c1wk 0.000000000000000  0.000416579879192  0.002614114190182  0.016109412499589  0.029791975666499  0.099385992298886  0.417021030402962
fg5mf1c2wk 0.000000000000000  0.000412273985512  0.001430757968989  0.006987068708659  0.022854776452939  0.096926003804946  0.423095499043338
fg5mf1c3wk 0.000000000000000  0.000315258511980  0.001133958270336  0.005480688632407  0.036790512705734  0.221019968605118  0.449001780188533
fg5mf1c4wk 0.000000000000000  0.000265639527162  0.000945000945001  0.004663596344670  0.038840591322463  0.224020304997395  0.441328682127570
fg5mf1c0d0 0.000000000000000  0.000225835591689  0.001259445843829  0.004152948219096  0.009860657027466  0.119489705696602  0.531080158630805
fg5mf1c0d1wk 0.000000000000000  0.000550660792952  0.001859120016526  0.005208156040440  0.009731111476902  0.106741895161753  0.521829005925166
fg5mf1c0d2wk 0.000000000000000  0.000748083037217  0.002286189338044  0.005221816245322  0.010193000866907  0.096023555644493  0.518881830190675
fg5mf1c0d3wk 0.000000000000000  0.000315258511980  0.001287622726541  0.004162830724893  0.036790512705734  0.221019968605118  0.519273442428290
fg5mf1c0d4wk 0.000000000000000  0.000094029149036  0.000774053719328  0.004269841517196  0.038840591322463  0.224020304997395  0.493394454200188
fg8uf05c0d0 0.000000000000000  0.000000000000000  0.001078554736653  0.003586371787209  0.009629405055799  0.079643131986383  0.456740524135109
fg8uf05c0d1wk 0.000000000000000  0.001124016485575  0.001857010213556  0.005402865867982  0.008760388201028  0.069635370346843  0.487397417759216
fg8uf05c0d2wk 0.000000000000000  0.000000000000000  0.001047120418848  0.003476439790576  0.005842729535803  0.064991504756181  0.476656186019304
fg8uf05c0d3wk 0.000000000000000  0.000000000000000  0.000945000945001  0.003965143621190  0.036790512705734  0.221019968605118  0.493394454200188
fg8uf05c0d4wk 0.000000000000000  0.000000000000000  0.000945000945001  0.003641710642040  0.036790512705734  0.222917391987002  0.493394454200188
fg2uf05c0d0 0.000000000000000  0.000000000000000  0.000875273522976  0.002042304886944  0.005362039199756  0.066897731129736  0.400667761824505
fg2uf05c0d1wk 0.000000000000000  0.001037344398340  0.000926497838172  0.002725938351856  0.005079283778304  0.061064956599719  0.392169352083808
fg2uf05c0d2wk 0.000000000000000  0.000315258511980  0.000936548817607  0.002530158586726  0.006479097420533  0.054047310589703  0.415783401162683
fg2uf05c0d3wk 0.000000000000000  0.000353107344633  0.001117942984908  0.003829772003293  0.036790512705734  0.221019968605118  0.476656186019304
fg2uf05c0d4wk 0.000000000000000  0.000274574409665  0.000857802705378  0.003641710642040  0.036790512705734  0.222917391987002  0.471925404685373
fg8uf05c7m0 0.000000000000000  0.000510204081633  0.001608473911338  0.006651089042811  0.011084762086479  0.072421105151553  0.366979936389507
fg8uf05c7m1wk 0.000000000000000  0.000477149319108  0.001806544853928  0.006534195150865  0.009087898386971  0.066227267179299  0.338160952964951
fg8uf05c7m2wk 0.000000000000000  0.000443419652359  0.001329198050510  0.005294705294705  0.011716779456136  0.062383728140890  0.327447107261001
fg8uf05c7m3wk 0.000000000000000  0.000353107344633  0.000945000945001  0.004658735532128  0.036790512705734  0.221019968605118  0.441328682127570
fg8uf05c7m4wk 0.000000000000000  0.000094029149036  0.000945000945001  0.004663596344670  0.038840591322463  0.224020304997395  0.441328682127570
fg2uf05c7m0 0.000000000000000  0.000283607487238  0.001614560399237  0.006772958647091  0.008356567296792  0.057572695987118  0.334706378129414
fg2uf05c7m1wk 0.000000000000000  0.000458812733818  0.001550606146039  0.005741234365389  0.006438186326603  0.052969028952884  0.314231600130212
fg2uf05c7m2wk 0.000000000000000  0.000248169748108  0.000982318271120  0.004233519513323  0.006430567707847  0.048847295138096  0.324477067218651
fg2uf05c7m3wk 0.000000000000000  0.000353107344633  0.001050358872615  0.004658735532128  0.036790512705734  0.221019968605118  0.441328682127570
fg2uf05c7m4wk 0.000000000000000  0.000268600590921  0.000857802705378  0.004663596344670  0.038840591322463  0.224020304997395  0.441328682127570
fg8uf05c0 0.000000000000000  0.000369515011547  0.001400682832881  0.006732984480203  0.010718730842823  0.073238753486116  0.417805324693619
fg8uf05c1wk 0.000000000000000  0.000477390266543  0.001424413203691  0.006744416614485  0.009148439241377  0.061795435032280  0.383929752444521
fg8uf05c2wk 0.000000000000000  0.000353107344633  0.001329198050510  0.005221816245322  0.011494453816771  0.062435046766328  0.401745580895127
fg8uf05c3wk 0.000000000000000  0.000353107344633  0.000945000945001  0.004658735532128  0.036790512705734  0.221019968605118  0.441328682127570
fg8uf05c4wk 0.000000000000000  0.000121577590818  0.000857802705378  0.004663596344670  0.038840591322463  0.224020304997395  0.441328682127570
fg2uf05c0 0.000000000000000  0.000000000000000  0.001317870321560  0.005867191209388  0.006767100796521  0.053921568627451  0.365958485296311
fg2uf05c1wk 0.000000000000000  0.000249169435216  0.001086169442433  0.004433315545339  0.005523245810248  0.049454711682884  0.351647897794543
fg2uf05c2wk 0.000000000000000  0.000295508274232  0.001139251599334  0.004063801686478  0.006300231855086  0.046818613485280  0.358386889939311
fg2uf05c3wk 0.000000000000000  0.000184094256259  0.000952380952381  0.004658735532128  0.036790512705734  0.221019968605118  0.441328682127570
fg2uf05c4wk 0.000000000000000  0.000274574409665  0.000931098696462  0.004663596344670  0.038840591322463  0.224020304997395  0.441328682127570
fg8cf05c0 0.000000000000000  0.000247626908791  0.001000702247191  0.004546013023713  0.014104372355430  0.008253804488006  0.106254084761953
fg8cf05c1wk 0.000000000000000  0.000330551194116  0.001123762845422  0.005201331188152  0.011174805892170  0.007673526334147  0.115088179247230
fg8cf05c2wk 0.000000000000000  0.000200488810815  0.001071358087344  0.004727926167588  0.013656114214773  0.021478146689177  0.275117240742024
fg8cf05c3wk 0.000000000000000  0.000187283453507  0.001040350746823  0.004565897312969  0.036790512705734  0.221019968605118  0.445240667651534
fg8cf05c4wk 0.000000000000000  0.000105329681904  0.000774053719328  0.004618340353211  0.038840591322463  0.224020304997395  0.441328682127570
fg2cf05c0 0.000000000000000  0.000107399849640  0.000734563954675  0.004715131051653  0.015574107294976  0.011135857461024  0.090601342665334
fg2cf05c1wk 0.000000000000000  0.000233084709643  0.001396108347980  0.006941402753709  0.015916575192097  0.010849989018230  0.100166400853236
fg2cf05c2wk 0.000000000000000  0.000162035161630  0.001050358872615  0.004410641105786  0.030201342281879  0.025455330110115  0.264534016530086
fg2cf05c3wk 0.000000000000000  0.000162776312791  0.000774053719328  0.003667596922613  0.036790512705734  0.221019968605118  0.449001780188533
fg2cf05c4wk 0.000000000000000  0.000135354629128  0.000686012211017  0.004618340353211  0.038840591322463  0.224020304997395  0.441328682127570
fg5cf1cA0 0.000000000000000  0.000300237187378  0.001617322475074  0.008689975642798  0.016501150538937  0.009037373914057  0.102717380291394
fg5cf1cA1wk 0.000000000000000  0.000329535825252  0.001423755441364  0.007761734009866  0.017741297468354  0.008473535552008  0.107412568849957
fg5cf1cA2wk 0.000000000000000  0.000353107344633  0.001329198050510  0.006196942110689  0.021015656582211  0.022362659988403  0.259009464999747
fg5cf1cA3wk 0.000000000000000  0.000295980583674  0.001150494467835  0.005221816245322  0.036790512705734  0.221019968605118  0.449001780188533
fg5cf1cA4wk 0.000000000000000  0.000274574409665  0.000901176630620  0.004618340353211  0.038840591322463  0.224020304997395  0.441328682127570
fg5cf1cB0 0.000000000000000  0.000337432513497  0.001504208583590  0.008705905611885  0.018796992481203  0.010562106633871  0.100014181619271
fg5cf1cB1wk 0.000000000000000  0.000410186292941  0.001741954032708  0.010183322797540  0.016806722689076  0.008838869063958  0.106271010084841
fg5cf1cB2wk 0.000000000000000  0.000380783143999  0.001350886672889  0.005643217181679  0.021616525989418  0.023696763202726  0.271845739555797
fg5cf1cB3wk 0.000000000000000  0.000315258511980  0.001139251599334  0.005100296330066  0.036790512705734  0.221019968605118  0.449001780188533
fg5cf1cB4wk 0.000000000000000  0.000202819186695  0.000857802705378  0.004618340353211  0.038840591322463  0.224020304997395  0.441328682127570
fg5cf1cC0 0.000000000000000  0.000304270856384  0.001457237032325  0.007750407627571  0.015845750848113  0.009902431920781  0.099897068456161
fg5cf1cC1wk 0.000000000000000  0.000381835537979  0.001515214847016  0.008610257547439  0.017490196078431  0.007495419465882  0.106344638213046
fg5cf1cC2wk 0.000000000000000  0.000427167876976  0.001395358821888  0.005958743052587  0.020408163265306  0.023047838791441  0.259925739123823
fg5cf1cC3wk 0.000000000000000  0.000287769784173  0.001133958270336  0.005272948515322  0.036790512705734  0.221019968605118  0.449001780188533
fg5cf1cC4wk 0.000000000000000  0.000163065633918  0.000857802705378  0.004618340353211  0.038840591322463  0.224020304997395  0.441328682127570
fg5cf1cb1f1wk 0.000000000000000  0.000304460344040  0.000905318747642  0.004626550617355  0.040700267618198  0.223939959009508  0.441035561832647
fg5cf1cb1f2wk 0.000000000000000  0.000194647201946  0.000784198402196  0.004500681024102  0.040452269371509  0.224054711424959  0.441090686032016
fg5cf1cb1f3wk 0.000000000000000  0.000126119308866  0.000774053719328  0.004658735532128  0.041676624157234  0.224054711424959  0.441328682127570
fg5cf1cb1t1wk 0.000000000000000  0.000274362662949  0.002439847875803  0.013400068126628  0.049141030763084  0.011934799598080  0.099757325364513
fg5cf1cb1t2wk 0.000000000000000  0.000238901468725  0.001556629092861  0.007468388279788  0.042533391005728  0.023796464284207  0.258872972349640
fg5cf1cb1t3wk 0.000000000000000  0.000247831474597  0.001184522242695  0.005430953875319  0.038896666808083  0.221019968605118  0.449001780188533
fg5cf1cb2f1wk 0.000000000000000  0.000758150113723  0.001361811926606  0.004953845710747  0.039779137149384  0.223853064517485  0.440150916561315
fg5cf1cb2f2wk 0.000000000000000  0.000381170192491  0.001139251599334  0.005103437172986  0.038699821777137  0.224054711424959  0.440113565465990
fg5cf1cb2f3wk 0.000000000000000  0.000164554879052  0.000828298577275  0.004563510392610  0.039590201708675  0.223497724730389  0.441328682127570
fg5cf1cb2t1wk 0.000000000000000  0.000311840337747  0.001773242138023  0.011267830530126  0.070517363571935  0.048501552303111  0.110733834055442
fg5cf1cb2t2wk 0.000000000000000  0.000353107344633  0.001467796016752  0.011404219285004  0.055407992165126  0.036275662719822  0.264235112220716
fg5cf1cb2t3wk 0.000000000000000  0.000317695647570  0.001240523776706  0.005554830381876  0.042533391005728  0.221019968605118  0.449001780188533
fg5cf1cb3f1wk 0.000000000000000  0.002331274041264  0.005619971604354  0.006844239068835  0.037016416630302  0.220529499991574  0.438969619506440
fg5cf1cb3f2wk 0.000000000000000  0.000334224598930  0.001477930896745  0.005480688632407  0.037934943751635  0.222238154300586  0.439341253933062
fg5cf1cb3f3wk 0.000000000000000  0.000330441966130  0.001139865749145  0.004663596344670  0.038509589250122  0.222917391987002  0.441328682127570
fg5cf1cb3t1wk 0.000000000000000  0.000317582882905  0.001774040681426  0.011678742045234  0.177297840281266  0.146073916921816  0.126270164329866
fg5cf1cb3t2wk 0.000000000000000  0.000315258511980  0.001375018092343  0.007882381164536  0.105284594236839  0.092055600187961  0.272462244910727
fg5cf1cb3t3wk 0.000000000000000  0.000307704142467  0.001139251599334  0.005480688632407  0.051486425211132  0.221019968605118  0.449001780188533
fg5cf1cb4f1wk 0.000000000000000  0.002211636611092  0.014810955641560  0.031440367237347  0.037404082375421  0.206407714111470  0.428913029155638
fg5cf1cb4f2wk 0.000000000000000  0.000855066267636  0.009903483004616  0.023009967710234  0.036790512705734  0.209984363827798  0.430467674314268
fg5cf1cb4f3wk 0.000000000000000  0.000274574409665  0.001133958270336  0.005554830381876  0.039590201708675  0.221019968605118  0.441328682127570
fg5cf1cb4t1wk 0.000000000000000  0.000344934008678  0.001585711242772  0.005242189138184  0.162133803408042  0.205182520650147  0.128568133837174
fg5cf1cb4t2wk 0.000000000000000  0.000320401569968  0.001333620712881  0.004611564384534  0.115730429761610  0.170308245655316  0.264028758305648
fg5cf1cb4t3wk 0.000000000000000  0.000256959314775  0.001117942984908  0.004285881458077  0.051486425211132  0.221019968605118  0.449001780188533
fg5cf1cb5f1wk 0.000000000000000  0.000417449384262  0.003882633534861  0.024636501616770  0.052206170816699  0.144581428122434  0.417691887021832
fg5cf1cb5f2wk 0.000000000000000  0.000522602560753  0.003900436233000  0.021481949268498  0.049829359695418  0.144404332129964  0.413151306889742
fg5cf1cb5f3wk 0.000000000000000  0.000150943396226  0.000857802705378  0.004757305346923  0.038840591322463  0.221019968605118  0.441328682127570
fg5cf1cb5t1wk 0.000000000000000  0.000411522633745  0.001831965855275  0.008400521791064  0.019582245430809  0.154026405525925  0.114629985845461
fg5cf1cb5t2wk 0.000000000000000  0.000353107344633  0.001329198050510  0.005530752315586  0.022251308900524  0.152209226770630  0.304323336504281
fg5cf1cb5t3wk 0.000000000000000  0.000274574409665  0.001139251599334  0.004927203982823  0.036790512705734  0.224054711424959  0.449001780188533
fg5cf1cb6f1wk 0.000000000000000  0.000035135799866  0.000547392682224  0.003767295841246  0.041615090602791  0.283890719078555  0.275583831630491
fg5cf1cb6f2wk 0.000000000000000  0.000049608096041  0.000641683778234  0.004371584699454  0.040082347396880  0.273157355808046  0.276374425368233
fg5cf1cb6f3wk 0.000000000000000  0.000073540226504  0.000775033584789  0.004744518421618  0.038896666808083  0.260522092476616  0.441328682127570
fg5cf1cb6t1wk 0.000000000000000  0.000726357705228  0.004107869231156  0.021182292080125  0.031480491715660  0.037893784979348  0.568606104003332
fg5cf1cb6t2wk 0.000000000000000  0.000721580817052  0.003139471943225  0.016059488431331  0.024110354113034  0.044096369797160  0.547824044600750
fg5cf1cb6t3wk 0.000000000000000  0.000353107344633  0.001343521706273  0.005766873022840  0.036790512705734  0.221019968605118  0.525180207034849
fg5cf1cb7f1wk 0.000000000000000  0.000316656111463  0.001107113202325  0.012697450869679  0.098276367317580  0.159688306227305  0.641403663187896
fg5cf1cb7f2wk 0.000000000000000  0.000147297098247  0.001017657245898  0.009700326844572  0.084228655786107  0.207227891465377  0.581475883089046
fg5cf1cb7f3wk 0.000000000000000  0.000000000000000  0.000686012211017  0.005221816245322  0.051486425211132  0.222917391987002  0.539612761943996
fg5cf1cb7t1wk 0.000000000000000  0.000679932913286  0.002518133296839  0.012718261125139  0.022782072452543  0.053938007900422  0.224360376120708
fg5cf1cb7t2wk 0.000000000000000  0.000721986907971  0.001936074345255  0.008829193867087  0.024046761367498  0.051709258453572  0.224852986691427
fg5cf1cb7t3wk 0.000000000000000  0.000353107344633  0.001167618059159  0.005766873022840  0.036790512705734  0.221019968605118  0.441328682127570
fg5cf1cb15f1wk 0.000000000000000  0.000474270808632  0.003731542193081  0.024504953247129  0.052145013691577  0.145242391679001  0.417483599041326
fg5cf1cb15f2wk 0.000000000000000  0.000529474055771  0.002236719478099  0.015170090939710  0.044809725969146  0.144800764003266  0.412665842796185
fg5cf1cb15f3wk 0.000000000000000  0.000301522689582  0.000914027635894  0.005480688632407  0.039170239046719  0.221019968605118  0.441328682127570
fg5cf1cb15t1wk 0.000000000000000  0.000348678000119  0.002249396752689  0.012207725468924  0.045753424657534  0.155676279979737  0.113438174347453
fg5cf1cb15t2wk 0.000000000000000  0.000302086120437  0.002059875674408  0.010343880371521  0.042533391005728  0.161432272610407  0.285137844291497
fg5cf1cb15t3wk 0.000000000000000  0.000223313979455  0.001139251599334  0.005221816245322  0.038896666808083  0.224020304997395  0.449001780188533
fg5cf1cb56f1wk 0.000000000000000  0.000183857326714  0.002498339710952  0.014636633971561  0.049658663720753  0.149781424255975  0.242886090291093
fg5cf1cb56f2wk 0.000000000000000  0.000216982496745  0.002512562814070  0.013754302188242  0.048391950121567  0.146088847095230  0.239323016350413
fg5cf1cb56f3wk 0.000000000000000  0.000163132137031  0.000945000945001  0.004928293332019  0.038840591322463  0.221019968605118  0.441328682127570
fg5cf1cb56t1wk 0.000000000000000  0.000960628566513  0.004731939970535  0.019497421511364  0.025074341936194  0.107635029342513  0.589498070659737
fg5cf1cb56t2wk 0.000000000000000  0.000603910319318  0.002025759126578  0.009580022701476  0.023068108215834  0.110448668385840  0.553065269392869
fg5cf1cb56t3wk 0.000000000000000  0.000408830744072  0.001343521706273  0.005766873022840  0.036790512705734  0.221019968605118  0.521052893356692
fg5cf1cb67f1wk 0.000000000000000  0.000156554022320  0.001709908993273  0.026301599664490  0.114029748544908  0.344639372452035  0.210946867690130
fg5cf1cb67f2wk 0.000000000000000  0.000123701138050  0.001354575731968  0.009113334246951  0.089523767109053  0.272153388363062  0.378888436767739
fg5cf1cb67f3wk 0.000000000000000  0.000223463687151  0.001113262342691  0.005480688632407  0.051486425211132  0.226773708547275  0.449001780188533
fg5cf1cb67t1wk 0.000000000000000  0.002085849160171  0.007608695652174  0.022381205588050  0.023132649141101  0.071607824894721  0.398955810753407
fg5cf1cb67t2wk 0.000000000000000  0.001425952332451  0.003051385328939  0.010077642212011  0.024434519521683  0.072642033388873  0.394810623806263
fg5cf1cb67t3wk 0.000000000000000  0.000353107344633  0.001343521706273  0.005766873022840  0.036790512705734  0.221019968605118  0.441328682127570
fg5cf1cb567f1wk 0.000000000000000  0.000072676179171  0.002294744074201  0.014899804136592  0.219548315438726  0.291660411349647  0.149768681163255
fg5cf1cb567f2wk 0.000000000000000  0.000091160472819  0.001509896902352  0.009518084360285  0.177467749059506  0.237625932880277  0.285084741249617
fg5cf1cb567f3wk 0.000000000000000  0.000274574409665  0.001133958270336  0.005480688632407  0.055407992165126  0.221019968605118  0.449001780188533
fg5cf1cb567t1wk 0.000000000000000  0.003040469700147  0.007613298495360  0.011608309830089  0.018647279211927  0.187262394824044  0.422318553196565
fg5cf1cb567t2wk 0.000000000000000  0.001030529434497  0.003389330975538  0.006475910531392  0.022805017103763  0.192048509396887  0.426008088115907
fg5cf1cb567t3wk 0.000000000000000  0.000454235748353  0.001343521706273  0.005554830381876  0.036790512705734  0.221019968605118  0.441328682127570
