dreps 0.000000000000000  0.001964636542240  0.006253256904638  0.020351197726350  0.089798194421744  0.243273639301188  0.575489452794006
ureps0 0.000000000000000  0.000000000000000  0.000000000000000  0.000272851296044  0.003352670835531  0.034206812679983  0.392546862560614
ureps1wk 0.000000000000000  0.000000000000000  0.000000000000000  0.000571428571429  0.004570410187128  0.041016469916647  0.431939881042646
ureps2wk 0.000000000000000  0.000000000000000  0.000000000000000  0.000509683995923  0.004974854617668  0.043746014834903  0.415392858852469
ureps3wk 0.000000000000000  0.001577287066246  0.002493765586035  0.013431117554257  0.082114112270650  0.241580500997708  0.521869833157974
ureps4wk 0.000000000000000  0.001631321370310  0.004397309881014  0.018864628820961  0.085387281216934  0.243273639301188  0.575489452794006
urepsB0 0.000000000000000  0.000000000000000  0.000000000000000  0.000489476260401  0.003543725636886  0.033979420914094  0.393212145129862
urepsB1wk 0.000000000000000  0.000000000000000  0.000000000000000  0.000651359713402  0.004797441364606  0.040407546829565  0.431780713146579
urepsB2wk 0.000000000000000  0.000000000000000  0.000000000000000  0.000492125984252  0.004540854008808  0.044060734514363  0.416195432295125
urepsB3wk 0.000000000000000  0.001536098310292  0.002493765586035  0.013431117554257  0.082114112270650  0.241580500997708  0.521869833157974
urepsB4wk 0.000000000000000  0.001692047377327  0.004397309881014  0.018864628820961  0.085387281216934  0.243273639301188  0.575489452794006
urepsC0 0.000000000000000  0.000000000000000  0.000000000000000  0.000782778864971  0.006161341166356  0.063316707397827  0.478359364852351
urepsC1wk 0.000000000000000  0.000000000000000  0.000000000000000  0.000655307994758  0.005827227807122  0.058402845723952  0.463015708230924
urepsC2wk 0.000000000000000  0.000000000000000  0.000000000000000  0.000424628450106  0.005222321695016  0.051685223627099  0.479369254557095
urepsC3wk 0.000000000000000  0.001176470588235  0.002455661664393  0.013431117554257  0.082114112270650  0.241580500997708  0.521869833157974
urepsC4wk 0.000000000000000  0.001631321370310  0.004397309881014  0.018864628820961  0.085387281216934  0.243273639301188  0.575489452794006
ereps0 0.000000000000000  0.000000000000000  0.000000000000000  0.004509428805685  0.030388294879010  0.178043356235923  0.705536402754043
ereps1wk 0.000000000000000  0.002197802197802  0.009600960096010  0.020148955978189  0.046835819626843  0.164649056240138  0.690128143707753
ereps2wk 0.000000000000000  0.001610305958132  0.007299270072993  0.014903018048379  0.036428191572559  0.129410643946768  0.610177577694244
ereps3wk 0.000000000000000  0.001620745542950  0.006134969325153  0.014182499331014  0.082114112270650  0.241580500997708  0.587940784555884
ereps4wk 0.000000000000000  0.002092050209205  0.006106497313141  0.018864628820961  0.085387281216934  0.243273639301188  0.575489452794006
creps0 0.000000000000000  0.000000000000000  0.000000000000000  0.000000000000000  0.000000000000000  0.000019512956603  0.000050698253215
creps1wk 0.000000000000000  0.000000000000000  0.000000000000000  0.000000000000000  0.000000000000000  0.000026363428652  0.000045859185325
creps2wk 0.000000000000000  0.000000000000000  0.000000000000000  0.000000000000000  0.000000000000000  0.000083228037256  0.000083483658483
creps3wk 0.000000000000000  0.001176470588235  0.002493765586035  0.013431117554257  0.082114112270650  0.241580500997708  0.521869833157974
creps4wk 0.000000000000000  0.001631321370310  0.004397309881014  0.018864628820961  0.085387281216934  0.243273639301188  0.575489452794006
rreps0 0.000000000000000  0.762711864406780  0.964285714285714  0.975000000000000  0.996677740863787  0.998270960448220  1.000000000000000
rreps1wk 0.000000000000000  0.863849765258216  0.948275862068966  0.973463687150838  0.998337489609310  0.998152116864941  1.000000000000000
rreps2wk 0.000000000000000  0.439146800501882  0.872720063441713  0.968758875319512  0.983197689682331  0.998093099342748  1.000000000000000
rreps3wk 0.000000000000000  0.005395683453237  0.007115327601542  0.022425143342536  0.103630128432964  0.363216061675343  0.621967566973032
rreps4wk 0.000000000000000  0.003007518796992  0.006253256904638  0.020421607378129  0.091694937763344  0.253657019488433  0.601234117373851
rreps0d0               nan  0.000000000000000  0.000000000000000  0.000000000000000  0.000000000000000  0.000000000000000  0.000000000000000
rreps0d1wk 0.000000000000000  0.000000000000000  0.000000000000000  0.000000000000000  0.000000000000000  0.000000000000000  0.000000000000000
rreps0d2wk 0.000000000000000  0.439146800501882  0.872720063441713  0.968758875319512  0.983197689682331  0.998093099342748  1.000000000000000
rreps0d3wk 0.000000000000000  0.005395683453237  0.007115327601542  0.022425143342536  0.103630128432964  0.363216061675343  0.621967566973032
rreps0d4wk 0.000000000000000  0.003007518796992  0.006253256904638  0.020421607378129  0.091694937763344  0.253657019488433  0.601234117373851
rreps7m0 0.000000000000000  0.596153846153846  0.880000000000000  0.905006418485237  0.907055823179371  0.924846034131872  0.921303904421206
rreps7m1wk 0.000000000000000  0.610993657505285  0.850815850815851  0.887240356083086  0.912365286443562  0.923891959155290  0.920952575788572
rreps7m2wk 0.000000000000000  0.454121306376361  0.759111617312073  0.877192982456140  0.913095956547978  0.923460032146334  0.926418002905636
rreps7m3wk 0.000000000000000  0.005395683453237  0.007115327601542  0.022425143342536  0.103630128432964  0.363216061675343  0.621967566973032
rreps7m4wk 0.000000000000000  0.003007518796992  0.006253256904638  0.020421607378129  0.091694937763344  0.253657019488433  0.601234117373851
lj1m0 0.000000000000000  0.000000000000000  0.002331778814124  0.008069640360910  0.080751708428246  0.318669754973428  0.748889454771808
lj1m1wk 0.000000000000000  0.000000000000000  0.002514932411191  0.010994502748626  0.085502098805295  0.297517642078895  0.698166385901257
lj1m2wk 0.000000000000000  0.002036659877800  0.003870967741935  0.014093648585999  0.100782531869241  0.309545969060496  0.655571185501107
lj1m3wk 0.000000000000000  0.001872659176030  0.003738317757009  0.018027379930421  0.100284601557819  0.300476437466914  0.621410596844413
lj1m4wk 0.000000000000000  0.001692047377327  0.005429575215586  0.020351197726350  0.089989640999365  0.253657019488433  0.592932033610000
lj1u0 0.000000000000000  0.000000000000000  0.000599161174356  0.002658206139599  0.036503131836845  0.145557521666688  0.583187234799400
lj1u1wk 0.000000000000000  0.010416666666667  0.009476031215162  0.008238063214526  0.061983840672610  0.166261094693112  0.575740969945484
lj1u2wk 0.000000000000000  0.012461059190031  0.006253256904638  0.013972234661890  0.088343397217117  0.193584621684134  0.586403190541350
lj1u3wk 0.000000000000000  0.002132196162047  0.003773584905660  0.017023787906301  0.089798194421744  0.246388559494522  0.586403190541350
lj1u4wk 0.000000000000000  0.001692047377327  0.006106497313141  0.019455085438815  0.086627931999139  0.246388559494522  0.575489452794006
lj2m0 0.000000000000000  0.000000000000000  0.001963093835885  0.009414507307451  0.090570994259065  0.339421421443376  0.766534337707122
lj2m1wk 0.000000000000000  0.000000000000000  0.002597884579699  0.012730194042764  0.093292041430201  0.315611103802131  0.712844723829681
lj2m2wk 0.000000000000000  0.000000000000000  0.003696332101223  0.015020540910647  0.100967911362329  0.309720226265097  0.670377559209421
lj2m3wk 0.000000000000000  0.001610305958132  0.004235727440147  0.017177319476603  0.100284601557819  0.272795410648909  0.621011050065911
lj2m4wk 0.000000000000000  0.001964636542240  0.005429575215586  0.019455085438815  0.089989640999365  0.253461954686132  0.588089269236737
lj2u0 0.000000000000000  0.000000000000000  0.000863930885529  0.003155680224404  0.040421700895071  0.148130736273012  0.584292419079035
lj2u1wk 0.000000000000000  0.005905511811024  0.003591380686353  0.006776848074130  0.060512563931510  0.161767475618887  0.575753559760833
lj2u2wk 0.000000000000000  0.006622516556291  0.005756578947368  0.012886597938144  0.082696874398306  0.174648041632429  0.585423586027457
lj2u3wk 0.000000000000000  0.001937984496124  0.003561887800534  0.014771503308201  0.086627931999139  0.241580500997708  0.582871448677868
lj2u4wk 0.000000000000000  0.001692047377327  0.005429575215586  0.019072308119619  0.086627931999139  0.243273639301188  0.575489452794006
lj5m0 0.000000000000000  0.000000000000000  0.001822442072377  0.011542288557214  0.098217720220541  0.330010722201738  0.801450116725750
lj5m1wk 0.000000000000000  0.000000000000000  0.002283105022831  0.014655418930512  0.095268632544591  0.306958432871476  0.732414539701045
lj5m2wk 0.000000000000000  0.000626566416040  0.003211086699341  0.014093648585999  0.094075265908217  0.272795410648909  0.685106359875343
lj5m3wk 0.000000000000000  0.001577287066246  0.003578598236886  0.016126439860702  0.089798194421744  0.253657019488433  0.618875668563910
lj5m4wk 0.000000000000000  0.001808972503618  0.004397309881014  0.018973735863165  0.089316369587191  0.243273639301188  0.586270884280706
lj5u0 0.000000000000000  0.000000000000000  0.000209292591042  0.002865423885120  0.038307822424172  0.140570515225156  0.575351461313408
lj5u1wk 0.000000000000000  0.000000000000000  0.000631180307174  0.004145516074450  0.045082501793517  0.141024617516789  0.566266002307999
lj5u2wk 0.000000000000000  0.002132196162047  0.001729729729730  0.008133148870163  0.059464450600185  0.139267303793802  0.578332626876316
lj5u3wk 0.000000000000000  0.001610305958132  0.002996458730591  0.013431117554257  0.082114112270650  0.241580500997708  0.561723177688458
lj5u4wk 0.000000000000000  0.001964636542240  0.005429575215586  0.018864628820961  0.085387281216934  0.243273639301188  0.575489452794006
lj1c0 0.000000000000000  0.048969072164948  0.134478894284647  0.213283185028896  0.843348837209302  0.761974887614323  0.565912709101142
lj1c1wk 0.000000000000000  0.075356415478615  0.141106326598211  0.217479018721756  0.854687500000000  0.743854270506141  0.574820804915065
lj1c2wk 0.000000000000000  0.050980392156863  0.142551674982181  0.190547836091690  0.593979019974134  0.437805893991461  0.607330779209757
lj1c3wk 0.000000000000000  0.005395683453237  0.007115327601542  0.022425143342536  0.103630128432964  0.329458428187782  0.618992857027163
lj1c4wk 0.000000000000000  0.003007518796992  0.006253256904638  0.020421607378129  0.091694937763344  0.253657019488433  0.601234117373851
lj2c0 0.000000000000000  0.061111111111111  0.166307119042950  0.308022733280465  0.907769784172662  0.783691698512823  0.626549544372383
lj2c1wk 0.000000000000000  0.077596996245307  0.178140960163432  0.311829246357695  0.919729814640276  0.778025265594462  0.636193402794449
lj2c2wk 0.000000000000000  0.064705882352941  0.175064047822374  0.271638356906003  0.696930722011108  0.545201428538932  0.624359167212128
lj2c3wk 0.000000000000000  0.005395683453237  0.007115327601542  0.022425143342536  0.103630128432964  0.363216061675343  0.621967566973032
lj2c4wk 0.000000000000000  0.003007518796992  0.006253256904638  0.020421607378129  0.091694937763344  0.253657019488433  0.601234117373851
lj5c0 0.000000000000000  0.067971723762915  0.204334365325077  0.424594665763834  0.967142857142857  0.851899462129157  0.782221979234829
lj5c1wk 0.000000000000000  0.058883768561188  0.177061455574833  0.406779661016949  0.967500317379713  0.863521440129450  0.786097923899950
lj5c2wk 0.000000000000000  0.064553314121037  0.187381763147938  0.403913799377350  0.876123258267545  0.748719219963642  0.774969211985858
lj5c3wk 0.000000000000000  0.005395683453237  0.007115327601542  0.022425143342536  0.103630128432964  0.363216061675343  0.621967566973032
lj5c4wk 0.000000000000000  0.003007518796992  0.006253256904638  0.020421607378129  0.091694937763344  0.253657019488433  0.601234117373851
fg5uf1u0 0.000000000000000  0.001555209953344  0.003443900670654  0.010050251256281  0.072649816202662  0.200825537796788  0.633682855617995
fg5uf1u1wk 0.000000000000000  0.012667660208644  0.009689922480620  0.019298658507884  0.085669446410438  0.207577230858179  0.612681851632994
fg5uf1u2wk 0.000000000000000  0.011004126547455  0.012040133779264  0.020523473203157  0.086721570153254  0.194231828193833  0.605233757304916
fg5uf1u3wk 0.000000000000000  0.003007518796992  0.005982716596499  0.014437326704274  0.082607354868553  0.241580500997708  0.595473173150964
fg5uf1u4wk 0.000000000000000  0.002132196162047  0.006134969325153  0.018973735863165  0.085387281216934  0.243273639301188  0.577508154357657
fg5mf1u0 0.000000000000000  0.000469043151970  0.002459711620017  0.013712352247179  0.094837514395874  0.326648414835919  0.734605257079503
fg5mf1u1wk 0.000000000000000  0.000952834683182  0.004469088802450  0.020005743275582  0.112047319895595  0.327456427834806  0.681480573235391
fg5mf1u2wk 0.000000000000000  0.001682557487381  0.004488977955912  0.018890772584161  0.107048049552767  0.298057824763735  0.653613734660269
fg5mf1u3wk 0.000000000000000  0.002122241086587  0.004955684742209  0.018027379930421  0.099604365392030  0.261925016832709  0.618992857027163
fg5mf1u4wk 0.000000000000000  0.001964636542240  0.005828289621161  0.019072308119619  0.089798194421744  0.243273639301188  0.586403190541350
fg5uf1m0 0.000000000000000  0.202469135802469  0.308911588587531  0.301122394441475  0.428325050491297  0.506170339992561  0.791277634384469
fg5uf1m1wk 0.000000000000000  0.038004750593824  0.332142857142857  0.287476587224698  0.409288945404515  0.490193244332317  0.765470009495141
fg5uf1m2wk 0.000000000000000  0.021829521829522  0.300061614294516  0.285003633111620  0.418149192514740  0.494249216227598  0.749215244218157
fg5uf1m3wk 0.000000000000000  0.003436426116838  0.007115327601542  0.022425143342536  0.103630128432964  0.346422509162113  0.621967566973032
fg5uf1m4wk 0.000000000000000  0.002836879432624  0.006253256904638  0.020421607378129  0.091694937763344  0.253657019488433  0.601234117373851
fg5mf1m0 0.000000000000000  0.502666666666667  0.580656013456686  0.498312465977137  0.555206583400287  0.690349795436622  0.897339285537921
fg5mf1m1wk 0.000000000000000  0.319727891156463  0.410789473684211  0.401014448201660  0.479290333278063  0.591344129412590  0.822102079985717
fg5mf1m2wk 0.000000000000000  0.185344827586207  0.358835143139191  0.371844580102293  0.487049144691738  0.592736428815295  0.798175311111175
fg5mf1m3wk 0.000000000000000  0.003062787136294  0.007115327601542  0.022425143342536  0.103630128432964  0.363216061675343  0.621967566973032
fg5mf1m4wk 0.000000000000000  0.002358490566038  0.006253256904638  0.020421607378129  0.091694937763344  0.253657019488433  0.601234117373851
fg8uf05m0 0.000000000000000  0.310904872389791  0.342237061769616  0.414442013129103  0.606115868485041  0.658205135747272  0.861705865306447
fg8uf05m1wk 0.000000000000000  0.226368159203980  0.378324468085106  0.388520971302428  0.596673699888296  0.637761166965527  0.847369989762463
fg8uf05m2wk 0.000000000000000  0.013888888888889  0.325602409638554  0.389651755379388  0.599355262746080  0.636031347367149  0.845252301159123
fg8uf05m3wk 0.000000000000000  0.005395683453237  0.007115327601542  0.022425143342536  0.103630128432964  0.361344748172624  0.621967566973032
fg8uf05m4wk 0.000000000000000  0.003062787136294  0.006253256904638  0.020421607378129  0.100284601557819  0.324301813079757  0.621410596844413
fg2uf05m0 0.000000000000000  0.035502958579882  0.277343750000000  0.163258682246024  0.259890071005638  0.364619031084406  0.723483563601715
fg2uf05m1wk 0.000000000000000  0.049618320610687  0.276732078494193  0.167940097799511  0.266181328765447  0.362661900539942  0.700671304123183
fg2uf05m2wk 0.000000000000000  0.037037037037037  0.271160669031931  0.180301572024382  0.289319934564151  0.381833965630531  0.688670084501389
fg2uf05m3wk 0.000000000000000  0.003436426116838  0.007115327601542  0.022425143342536  0.103630128432964  0.355748063012837  0.621967566973032
fg2uf05m4wk 0.000000000000000  0.003062787136294  0.006253256904638  0.020421607378129  0.100284601557819  0.324301813079757  0.621410596844413
fg5mf1c0 0.000000000000000  0.249431387414708  0.438970090020327  0.484856767986005  0.605470750947649  0.734697858342975  0.877989088869627
fg5mf1c1wk 0.000000000000000  0.229974160206718  0.437070012140834  0.492269618670002  0.606353502158644  0.709153050277943  0.831028647018814
fg5mf1c2wk 0.000000000000000  0.276723276723277  0.420552859253007  0.443664165368823  0.600006792209336  0.688636929413628  0.814599451901385
fg5mf1c3wk 0.000000000000000  0.005395683453237  0.007115327601542  0.022425143342536  0.103630128432964  0.363216061675343  0.621967566973032
fg5mf1c4wk 0.000000000000000  0.003007518796992  0.006253256904638  0.020421607378129  0.091694937763344  0.253657019488433  0.601234117373851
fg5mf1c0d0 0.000000000000000  0.000686341798216  0.004729495904949  0.008976885302305  0.048017742549310  0.177314164071645  0.413532152842498
fg5mf1c0d1wk 0.000000000000000  0.001066666666667  0.005579258286840  0.011128274644557  0.054552731638983  0.161474707059160  0.396595621853156
fg5mf1c0d2wk 0.000000000000000  0.005395683453237  0.009172628875436  0.016594820600914  0.077701589493339  0.172141260073872  0.388758849970098
fg5mf1c0d3wk 0.000000000000000  0.003007518796992  0.006134969325153  0.019072308119619  0.096073554232922  0.253461954686132  0.521869833157974
fg5mf1c0d4wk 0.000000000000000  0.002358490566038  0.006134969325153  0.019455085438815  0.089798194421744  0.244993886924627  0.575489452794006
fg8uf05c0d0 0.000000000000000  0.001406469760900  0.001478925314272  0.004918256751218  0.034504738027451  0.081719628385391  0.285655871965261
fg8uf05c0d1wk 0.000000000000000  0.007032348804501  0.010726573568104  0.013242562715658  0.056297039638736  0.093028329110630  0.327323941799379
fg8uf05c0d2wk 0.000000000000000  0.137474541751527  0.128986332574032  0.093425975414217  0.151786898729140  0.321331205949973  0.484901425598412
fg8uf05c0d3wk 0.000000000000000  0.003007518796992  0.006134969325153  0.018973735863165  0.096073554232922  0.261925016832709  0.580765781053040
fg8uf05c0d4wk 0.000000000000000  0.002921129503408  0.006106497313141  0.019072308119619  0.096073554232922  0.261925016832709  0.580765781053040
fg2uf05c0d0 0.000000000000000  0.016339869281046  0.009814612868048  0.006330103157237  0.043244303691040  0.141331534363922  0.461718648049067
fg2uf05c0d1wk 0.000000000000000  0.179948586118252  0.079395085066163  0.035757031717534  0.088183147220753  0.190541420856849  0.490365216120352
fg2uf05c0d2wk 0.000000000000000  0.132352941176471  0.059901654000894  0.035208181154127  0.112366058499855  0.272795410648909  0.509866945526095
fg2uf05c0d3wk 0.000000000000000  0.003007518796992  0.006234751965302  0.019965140231342  0.099975089263473  0.259982525854175  0.532261019633802
fg2uf05c0d4wk 0.000000000000000  0.002132196162047  0.006106497313141  0.019455085438815  0.098268913869899  0.258927179167316  0.568890061456329
fg8uf05c7m0 0.000000000000000  0.585567010309278  0.559736842105263  0.535089661279610  0.726203374090698  0.783009637216050  0.863207730840676
fg8uf05c7m1wk 0.000000000000000  0.534090909090909  0.543603664743807  0.536199575371550  0.694256861408835  0.756643884668078  0.841560959106090
fg8uf05c7m2wk 0.000000000000000  0.540566037735849  0.561220548474314  0.541659559952243  0.742745187120223  0.775242437646739  0.847723867314586
fg8uf05c7m3wk 0.000000000000000  0.005395683453237  0.007115327601542  0.022425143342536  0.103630128432964  0.363216061675343  0.621967566973032
fg8uf05c7m4wk 0.000000000000000  0.003007518796992  0.006253256904638  0.020421607378129  0.091694937763344  0.253657019488433  0.601234117373851
fg2uf05c7m0 0.000000000000000  0.378378378378378  0.349079263410729  0.193348573114077  0.327944310271345  0.403921517228725  0.639567057575620
fg2uf05c7m1wk 0.000000000000000  0.553231939163498  0.437500000000000  0.246284829721362  0.371809664466700  0.432828905049007  0.638800270496042
fg2uf05c7m2wk 0.000000000000000  0.490945674044266  0.432748538011696  0.254352268083367  0.375018713508658  0.456573341636199  0.636005286313369
fg2uf05c7m3wk 0.000000000000000  0.005395683453237  0.007115327601542  0.022425143342536  0.103630128432964  0.363216061675343  0.621410596844413
fg2uf05c7m4wk 0.000000000000000  0.003007518796992  0.006253256904638  0.020421607378129  0.091694937763344  0.253657019488433  0.601234117373851
fg8uf05c0 0.000000000000000  0.563682219419924  0.554016620498615  0.541282737960147  0.721947037530958  0.784423124270318  0.888431852324964
fg8uf05c1wk 0.000000000000000  0.612587412587413  0.588338778587585  0.561414854982339  0.733426867765696  0.781020154742573  0.881716584711667
fg8uf05c2wk 0.000000000000000  0.505078485687904  0.543643096455652  0.538389403352479  0.736611616255335  0.782490140238921  0.879550718694934
fg8uf05c3wk 0.000000000000000  0.005395683453237  0.007115327601542  0.022425143342536  0.103630128432964  0.363216061675343  0.621967566973032
fg8uf05c4wk 0.000000000000000  0.003007518796992  0.006253256904638  0.020421607378129  0.091694937763344  0.253657019488433  0.601234117373851
fg2uf05c0 0.000000000000000  0.547872340425532  0.404889975550122  0.208566254625620  0.320154404023862  0.415183530690870  0.696946334357735
fg2uf05c1wk 0.000000000000000  0.601873536299766  0.447281323877069  0.251718213058419  0.369832184929984  0.447664874349410  0.695733658279354
fg2uf05c2wk 0.000000000000000  0.470824949698189  0.432029043969342  0.258004672255050  0.375574159134687  0.466732051375687  0.689400637229553
fg2uf05c3wk 0.000000000000000  0.005395683453237  0.007115327601542  0.022425143342536  0.103630128432964  0.363216061675343  0.621967566973032
fg2uf05c4wk 0.000000000000000  0.003007518796992  0.006253256904638  0.020421607378129  0.091694937763344  0.253657019488433  0.601234117373851
fg8cf05c0 0.000000000000000  0.600000000000000  0.686981547316743  0.772545264623955  0.966643293599118  0.885588418500979  0.853674026755543
fg8cf05c1wk 0.000000000000000  0.572082379862700  0.645444566410538  0.742210725454616  0.970517511761631  0.878506225598331  0.850578433670831
fg8cf05c2wk 0.000000000000000  0.554393305439331  0.638028548343657  0.751329422729017  0.892999046408137  0.808710812339009  0.860935584626537
fg8cf05c3wk 0.000000000000000  0.005395683453237  0.007115327601542  0.022425143342536  0.103630128432964  0.363216061675343  0.621967566973032
fg8cf05c4wk 0.000000000000000  0.003007518796992  0.006253256904638  0.020421607378129  0.091694937763344  0.253657019488433  0.601234117373851
fg2cf05c0 0.000000000000000  0.424836601307190  0.484190948543087  0.415747571397268  0.870802403676211  0.737667028483737  0.572368777213212
fg2cf05c1wk 0.000000000000000  0.235081374321881  0.445173581710415  0.441894641645942  0.871033776867963  0.740058026111750  0.586877880244732
fg2cf05c2wk 0.000000000000000  0.388967468175389  0.508711656441718  0.411163784469520  0.640548865863904  0.501638015188868  0.607330779209757
fg2cf05c3wk 0.000000000000000  0.005395683453237  0.007115327601542  0.022425143342536  0.103630128432964  0.363216061675343  0.621410596844413
fg2cf05c4wk 0.000000000000000  0.003007518796992  0.006253256904638  0.020421607378129  0.091694937763344  0.253657019488433  0.601234117373851
fg5cf1cA0 0.000000000000000  0.454648526077097  0.604853556485356  0.630125996885470  0.933130699088146  0.827000091205320  0.749138244878750
fg5cf1cA1wk 0.000000000000000  0.456692913385827  0.591517857142857  0.616192124940145  0.932631578947368  0.827083348211416  0.741568006379232
fg5cf1cA2wk 0.000000000000000  0.384673178061608  0.552936910804931  0.592528856243442  0.824474705322498  0.705131621469920  0.747905908937496
fg5cf1cA3wk 0.000000000000000  0.005395683453237  0.007115327601542  0.022425143342536  0.103630128432964  0.363216061675343  0.621967566973032
fg5cf1cA4wk 0.000000000000000  0.003007518796992  0.006253256904638  0.020421607378129  0.091694937763344  0.253657019488433  0.601234117373851
fg5cf1cB0 0.000000000000000  0.427536231884058  0.570088845014807  0.616340748950994  0.947702060221870  0.827630072509859  0.749110589189103
fg5cf1cB1wk 0.000000000000000  0.342489270386266  0.527620485717881  0.601637351637352  0.936507936507937  0.827573755100567  0.738929696083367
fg5cf1cB2wk 0.000000000000000  0.388639760837070  0.521028991425071  0.571880907372401  0.798152438840911  0.693799276816039  0.736685713864122
fg5cf1cB3wk 0.000000000000000  0.005395683453237  0.007115327601542  0.022425143342536  0.103630128432964  0.363216061675343  0.621967566973032
fg5cf1cB4wk 0.000000000000000  0.003007518796992  0.006253256904638  0.020421607378129  0.091694937763344  0.253657019488433  0.601234117373851
fg5cf1cC0 0.000000000000000  0.551859099804305  0.641747572815534  0.640691402419091  0.941690962099125  0.825401631123810  0.746934694276802
fg5cf1cC1wk 0.000000000000000  0.410904255319149  0.546380248291254  0.596805699184189  0.939449541284404  0.824540682414698  0.742541832828114
fg5cf1cC2wk 0.000000000000000  0.315677966101695  0.544935805991441  0.594765267968425  0.825253949318584  0.698312048927491  0.741075329356861
fg5cf1cC3wk 0.000000000000000  0.005395683453237  0.007115327601542  0.022425143342536  0.103630128432964  0.363216061675343  0.621967566973032
fg5cf1cC4wk 0.000000000000000  0.003007518796992  0.006253256904638  0.020421607378129  0.091694937763344  0.253657019488433  0.601234117373851
fg5cf1cb1f1wk 0.000000000000000  0.003289473684211  0.006433823529412  0.019818181818182  0.091391104925809  0.243536807895683  0.576155836931152
fg5cf1cb1f2wk 0.000000000000000  0.002132196162047  0.006515506906437  0.019673002791440  0.090560984078171  0.243450606903212  0.576300883619062
fg5cf1cb1f3wk 0.000000000000000  0.002141327623126  0.006253256904638  0.019797961576621  0.090814814814815  0.243273639301188  0.576220154758679
fg5cf1cb1t1wk 0.000000000000000  0.140306122448980  0.450399433714228  0.585848294276780  0.936549683570313  0.845921425479964  0.756352473236885
fg5cf1cb1t2wk 0.000000000000000  0.176720475785896  0.473722627737226  0.579051623074746  0.822679759265125  0.689413712888854  0.736037929517572
fg5cf1cb1t3wk 0.000000000000000  0.005395683453237  0.007115327601542  0.022425143342536  0.103630128432964  0.363216061675343  0.621967566973032
fg5cf1cb2f1wk 0.000000000000000  0.014851485148515  0.016196593130411  0.022819205065072  0.089648316862261  0.244011421129089  0.576253222315037
fg5cf1cb2f2wk 0.000000000000000  0.011614401858304  0.013718205201486  0.022425143342536  0.089316369587191  0.243798516703727  0.576359422890035
fg5cf1cb2f3wk 0.000000000000000  0.005395683453237  0.007115327601542  0.020421607378129  0.089695424661210  0.243273639301188  0.575529544576810
fg5cf1cb2t1wk 0.000000000000000  0.163247863247863  0.328349626221967  0.535704384332053  0.921662872080277  0.827904832342404  0.747250247314015
fg5cf1cb2t2wk 0.000000000000000  0.116971279373368  0.416033021942212  0.584856605735771  0.823757088421495  0.708656897466723  0.752277152849986
fg5cf1cb2t3wk 0.000000000000000  0.005395683453237  0.007115327601542  0.022425143342536  0.103630128432964  0.363216061675343  0.621967566973032
fg5cf1cb3f1wk 0.000000000000000  0.025069637883008  0.036422941016581  0.044776804147360  0.090318166267533  0.243883038277592  0.576439569836284
fg5cf1cb3f2wk 0.000000000000000  0.006369426751592  0.025656324582339  0.040441530897522  0.090097885457790  0.243768911782270  0.576664592035811
fg5cf1cb3f3wk 0.000000000000000  0.005395683453237  0.007115327601542  0.022425143342536  0.090030146425495  0.243273639301188  0.575395449331804
fg5cf1cb3t1wk 0.000000000000000  0.187551867219917  0.411088969640136  0.406621489691610  0.912037732448103  0.819067183575817  0.767663892763159
fg5cf1cb3t2wk 0.000000000000000  0.230502599653380  0.392430819316332  0.399092516598272  0.841822286066078  0.710316922225778  0.753317169844888
fg5cf1cb3t3wk 0.000000000000000  0.005395683453237  0.007115327601542  0.022425143342536  0.103630128432964  0.363216061675343  0.621967566973032
fg5cf1cb4f1wk 0.000000000000000  0.003568242640500  0.044410413476263  0.134990654205607  0.141700530767955  0.249792295340959  0.576547896494558
fg5cf1cb4f2wk 0.000000000000000  0.003436426116838  0.032771878432808  0.108135337083368  0.131547932231927  0.247724995898535  0.576230020386063
fg5cf1cb4f3wk 0.000000000000000  0.005395683453237  0.007115327601542  0.022425143342536  0.103630128432964  0.242722371967655  0.573025783924179
fg5cf1cb4t1wk 0.000000000000000  0.469805527123849  0.619525547445255  0.277234772477183  0.717053770860951  0.792075604920838  0.770768751287003
fg5cf1cb4t2wk 0.000000000000000  0.270787343635026  0.552349546578730  0.223204382751319  0.707106208561721  0.706054203866512  0.747510208647983
fg5cf1cb4t3wk 0.000000000000000  0.005395683453237  0.007115327601542  0.022425143342536  0.103630128432964  0.363216061675343  0.621967566973032
fg5cf1cb5f1wk 0.000000000000000  0.017730496453901  0.076948756468035  0.093447905477981  0.345566633823569  0.290489996977167  0.574411064739765
fg5cf1cb5f2wk 0.000000000000000  0.005395683453237  0.063794185316879  0.084209021373937  0.332932076861575  0.282303551954220  0.573121081626587
fg5cf1cb5f3wk 0.000000000000000  0.005395683453237  0.007115327601542  0.022425143342536  0.103630128432964  0.257864899938529  0.570344928732464
fg5cf1cb5t1wk 0.000000000000000  0.401647785787848  0.610566143497758  0.656016597510373  0.408031547635292  0.795316684597249  0.757123627544295
fg5cf1cb5t2wk 0.000000000000000  0.473354231974922  0.591664659118285  0.623053173241852  0.301172061579160  0.698053784825704  0.754515997519075
fg5cf1cb5t3wk 0.000000000000000  0.005395683453237  0.007115327601542  0.022425143342536  0.103630128432964  0.363216061675343  0.621967566973032
fg5cf1cb6f1wk 0.000000000000000  0.003246753246753  0.012364760432767  0.116703377386197  0.268812716152444  0.641875734143458  0.596369614693307
fg5cf1cb6f2wk 0.000000000000000  0.003062787136294  0.013487475915222  0.126445540116540  0.238911696047654  0.636771129379900  0.593090112910713
fg5cf1cb6f3wk 0.000000000000000  0.003007518796992  0.007115327601542  0.022425143342536  0.103630128432964  0.363216061675343  0.582429776442767
fg5cf1cb6t1wk 0.000000000000000  0.084931506849315  0.314020224104947  0.474537463483959  0.697795890253702  0.234726369146224  0.822084868364687
fg5cf1cb6t2wk 0.000000000000000  0.151372549019608  0.340225358275900  0.475061352874080  0.660260553080037  0.226621468040914  0.800022120056607
fg5cf1cb6t3wk 0.000000000000000  0.005395683453237  0.007115327601542  0.022425143342536  0.103630128432964  0.246140777206041  0.621967566973032
fg5cf1cb7f1wk 0.000000000000000  0.007434944237918  0.009872554299049  0.047893805309735  0.148277073419985  0.158951813739310  0.814490829370716
fg5cf1cb7f2wk 0.000000000000000  0.003558718861210  0.006573257221934  0.043400871047150  0.157630507849616  0.198824616242723  0.797819555172496
fg5cf1cb7f3wk 0.000000000000000  0.001631321370310  0.005365249690466  0.020421607378129  0.103630128432964  0.243273639301188  0.621967566973032
fg5cf1cb7t1wk 0.000000000000000  0.433962264150943  0.483930635838150  0.449492465232751  0.607721312880281  0.691681924693337  0.571068885606518
fg5cf1cb7t2wk 0.000000000000000  0.217391304347826  0.343390016456391  0.393055923668169  0.624415040415390  0.694901449747516  0.573154135685807
fg5cf1cb7t3wk 0.000000000000000  0.005395683453237  0.007115327601542  0.022425143342536  0.103630128432964  0.363216061675343  0.571195569233900
fg5cf1cb15f1wk 0.000000000000000  0.035108958837772  0.087607573149742  0.100035348179569  0.348447013751112  0.289687059391394  0.574310110561637
fg5cf1cb15f2wk 0.000000000000000  0.076098606645230  0.119904076738609  0.116505559997093  0.332440711272083  0.281691286523069  0.572633847173877
fg5cf1cb15f3wk 0.000000000000000  0.005395683453237  0.007115327601542  0.022425143342536  0.103630128432964  0.261925016832709  0.570775347230560
fg5cf1cb15t1wk 0.000000000000000  0.174418604651163  0.532950391644909  0.626901593933064  0.435627707817057  0.795460827210005  0.766100167033433
fg5cf1cb15t2wk 0.000000000000000  0.136088709677419  0.503561474140601  0.625645476242135  0.396135831381733  0.705436264195710  0.763746236895572
fg5cf1cb15t3wk 0.000000000000000  0.005395683453237  0.007115327601542  0.022425143342536  0.103630128432964  0.363216061675343  0.621967566973032
fg5cf1cb56f1wk 0.000000000000000  0.036866359447005  0.076693968726731  0.097508871026142  0.466370936902486  0.717100399071284  0.584624007725476
fg5cf1cb56f2wk 0.000000000000000  0.004162330905307  0.066984767847311  0.102311468703123  0.475716915286141  0.711686029155156  0.583103917661556
fg5cf1cb56f3wk 0.000000000000000  0.005395683453237  0.007115327601542  0.022425143342536  0.103630128432964  0.363216061675343  0.576539729182385
fg5cf1cb56t1wk 0.000000000000000  0.133703019100431  0.377298311444653  0.489197071602881  0.322557881649249  0.215794410178738  0.828923858186264
fg5cf1cb56t2wk 0.000000000000000  0.329738058551618  0.467393675027263  0.454222894369474  0.262613730355666  0.196643416283391  0.803387580881133
fg5cf1cb56t3wk 0.000000000000000  0.005395683453237  0.007115327601542  0.022425143342536  0.103630128432964  0.243273639301188  0.621967566973032
fg5cf1cb67f1wk 0.000000000000000  0.015151515151515  0.038811487062838  0.193908058105589  0.285908649173955  0.725964289636596  0.767416285202943
fg5cf1cb67f2wk 0.000000000000000  0.020565552699229  0.029144587433762  0.163971477685109  0.292943143812709  0.677182691213987  0.768679274747216
fg5cf1cb67f3wk 0.000000000000000  0.003436426116838  0.007115327601542  0.022425143342536  0.100284601557819  0.363216061675343  0.621967566973032
fg5cf1cb67t1wk 0.000000000000000  0.182291666666667  0.372416188987320  0.407757314836961  0.474884299817538  0.271909382810485  0.567601262121572
fg5cf1cb67t2wk 0.000000000000000  0.117737003058104  0.279551034724658  0.346370656370656  0.456171997429509  0.269171658541467  0.565696264105843
fg5cf1cb67t3wk 0.000000000000000  0.005395683453237  0.007115327601542  0.022425143342536  0.103630128432964  0.254410906283541  0.567996182951406
fg5cf1cb567f1wk 0.000000000000000  0.026478873239437  0.078171091445428  0.129202057662400  0.694135776585039  0.759170352938565  0.754795833765157
fg5cf1cb567f2wk 0.000000000000000  0.014127764127764  0.046382189239332  0.131780628329166  0.700470223066410  0.711356740162867  0.747724399976602
fg5cf1cb567f3wk 0.000000000000000  0.005395683453237  0.007115327601542  0.022425143342536  0.103630128432964  0.363216061675343  0.621967566973032
fg5cf1cb567t1wk 0.000000000000000  0.413308341143393  0.489580999327806  0.287605052589200  0.130414709542736  0.243930873436874  0.571970235815506
fg5cf1cb567t2wk 0.000000000000000  0.222912966252220  0.362058013974169  0.203949307397583  0.125193867151150  0.244327798682315  0.571940199624211
fg5cf1cb567t3wk 0.000000000000000  0.005395683453237  0.007115327601542  0.022425143342536  0.103630128432964  0.242842274020665  0.573369967531909
