dreps 0.060000000000000  0.009259259259259  0.016265060240964  0.079464854533871  0.193713414811723  0.481432469584128  0.426322199025748
ureps0 0.023255813953488  0.000000000000000  0.000000000000000  0.003519356460533  0.029462605154996  0.339296752658040  0.609097053147571
ureps1wk 0.012345679012346  0.000000000000000  0.000000000000000  0.004129793510324  0.036079477446052  0.379354523271659  0.574672985963257
ureps2wk 0.012500000000000  0.000000000000000  0.001447178002894  0.004369356248179  0.038216754468772  0.391893958259608  0.584834876578542
ureps3wk 0.010416666666667  0.001718213058419  0.009668508287293  0.076450773888202  0.193713414811723  0.399839366190549  0.524334104390445
ureps4wk 0.008264462809917  0.006441223832528  0.015006821282401  0.078158405011684  0.193713414811723  0.471366203183206  0.426322199025748
urepsB0 0.016666666666667  0.000000000000000  0.000000000000000  0.003042035398230  0.030360222576551  0.339695010193785  0.609740585883228
urepsB1wk 0.015625000000000  0.000000000000000  0.000000000000000  0.003571428571429  0.035014433689930  0.380423367654133  0.575909633717675
urepsB2wk 0.013888888888889  0.000000000000000  0.000000000000000  0.004214559386973  0.039254356342024  0.390705592397795  0.584939861531012
urepsB3wk 0.004347826086957  0.001718213058419  0.009668508287293  0.076450773888202  0.193713414811723  0.399839366190549  0.523251258388301
urepsB4wk 0.009009009009009  0.006441223832528  0.015006821282401  0.078158405011684  0.193713414811723  0.471366203183206  0.426322199025748
urepsC0 0.026315789473684  0.000000000000000  0.000000000000000  0.005885015844273  0.055344605244304  0.421725630769046  0.524303803229619
urepsC1wk 0.010869565217391  0.000000000000000  0.000000000000000  0.005043227665706  0.051833640647408  0.391341802204325  0.537074124942773
urepsC2wk 0.013888888888889  0.000000000000000  0.000000000000000  0.004701141705843  0.045710971687668  0.368960073582411  0.540376506047114
urepsC3wk 0.007751937984496  0.001718213058419  0.009668508287293  0.076450773888202  0.193713414811723  0.408013076669933  0.522061736667824
urepsC4wk 0.014084507042254  0.006482982171799  0.015006821282401  0.078158405011684  0.193713414811723  0.471366203183206  0.426322199025748
ereps0 0.027777777777778  0.000000000000000  0.004571428571429  0.026991537788153  0.151596650709124  0.522738093996865  0.297564124269872
ereps1wk 0.005434782608696  0.012838801711840  0.010633036597428  0.026798776433036  0.122540482936085  0.519251186345243  0.311246984811402
ereps2wk 0.005714285714286  0.006482982171799  0.007676902536716  0.021453620298425  0.096873609963780  0.478557524193900  0.389853098025706
ereps3wk 0.008888888888889  0.008460236886633  0.009668508287293  0.076450773888202  0.193713414811723  0.475612875517506  0.412390592358874
ereps4wk 0.007547169811321  0.006482982171799  0.015006821282401  0.078158405011684  0.193713414811723  0.471366203183206  0.426322199025748
creps0 0.000000000000000  0.000000000000000  0.000000000000000  0.000000000000000  0.000000000000000  0.000016433583672  0.999960299197014
creps1wk 0.000000000000000  0.000000000000000  0.000000000000000  0.000000000000000  0.000000000000000  0.000018735714018  0.999954903801610
creps2wk 0.000000000000000  0.000000000000000  0.000000000000000  0.000000000000000  0.000000000000000  0.000031818647849  0.999922889325466
creps3wk 0.000000000000000  0.001718213058419  0.009668508287293  0.076450773888202  0.193713414811723  0.399839366190549  0.626909366778355
creps4wk 0.000000000000000  0.006441223832528  0.015006821282401  0.078158405011684  0.193713414811723  0.471366203183206  0.426322199025748
rreps0 0.687500000000000  0.197530864197531  0.000000000000000  0.019704433497537  0.000847170450695  0.001759159100097  0.000000000000000
rreps1wk 0.714285714285714  0.099630996309963  0.008620689655172  0.024441340782123  0.000795165394402  0.001860617427287  0.000000000000000
rreps2wk 0.401639344262295  0.154294032023290  0.038518518518519  0.028703703703704  0.001490111081008  0.001947952824366  0.000000000000000
rreps3wk 0.097560975609756  0.006441223832528  0.015006821282401  0.079464854533871  0.193713414811723  0.399839366190549  0.378589403155587
rreps4wk 0.074074074074074  0.007656967840735  0.016121152906693  0.081365655717634  0.194279546681058  0.471366203183206  0.407067966390000
rreps0d0               nan  0.000000000000000  0.000000000000000  0.000000000000000  0.000000000000000  0.000000000000000  1.000000000000000
rreps0d1wk 0.000000000000000  0.000000000000000  0.000000000000000  0.000000000000000  0.000000000000000  0.000000000000000  1.000000000000000
rreps0d2wk 0.401639344262295  0.154294032023290  0.038518518518519  0.028703703703704  0.001490111081008  0.001947952824366  0.000000000000000
rreps0d3wk 0.097560975609756  0.006441223832528  0.015006821282401  0.079464854533871  0.193713414811723  0.399839366190549  0.378589403155587
rreps0d4wk 0.074074074074074  0.007656967840735  0.016121152906693  0.081365655717634  0.194279546681058  0.471366203183206  0.407067966390000
rreps7m0 0.666666666666667  0.252525252525253  0.000000000000000  0.016645326504481  0.012542119056533  0.001708827072303  0.079231179762895
rreps7m1wk 0.581081081081081  0.234972677595628  0.011747430249633  0.017663043478261  0.010373443983402  0.001594222046065  0.080006032103416
rreps7m2wk 0.315533980582524  0.099290780141844  0.034351145038168  0.025675510453601  0.012958245652896  0.001978584203020  0.074899684444271
rreps7m3wk 0.097560975609756  0.006482982171799  0.015114127082048  0.079464854533871  0.193713414811723  0.399839366190549  0.378589403155587
rreps7m4wk 0.074074074074074  0.009584664536741  0.016121152906693  0.081365655717634  0.194279546681058  0.471366203183206  0.407067966390000
lj1m0 0.000000000000000  0.000000000000000  0.007549543881724  0.024080103200442  0.162908124525437  0.459298932977659  0.253314704181923
lj1m1wk 0.000000000000000  0.002398081534772  0.011093990755008  0.030308443491723  0.152038913348586  0.453883183747692  0.302133535495749
lj1m2wk 0.000000000000000  0.005395683453237  0.012476606363069  0.036573083217928  0.156781855214554  0.446806179467514  0.345603893112955
lj1m3wk 0.018018018018018  0.005772005772006  0.014226590791516  0.076450773888202  0.193713414811723  0.462018554281959  0.381007142972837
lj1m4wk 0.054945054945055  0.006482982171799  0.015006821282401  0.078158405011684  0.193713414811723  0.479179666830879  0.408344332290796
lj1u0 0.000000000000000  0.000000000000000  0.002136752136752  0.009030608167506  0.094651584974166  0.512835836682886  0.426334446544357
lj1u1wk 0.056179775280899  0.010563380281690  0.005658436213992  0.021085837622447  0.095659099960175  0.500056870600427  0.431145371380808
lj1u2wk 0.051020408163265  0.008528784648188  0.008604794099570  0.037976782752902  0.106853036856969  0.484689724747504  0.418392256034358
lj1u3wk 0.048780487804878  0.006329113924051  0.011373329542223  0.076450773888202  0.193713414811723  0.480151015506293  0.416811583657729
lj1u4wk 0.074074074074074  0.006482982171799  0.015006821282401  0.078158405011684  0.193713414811723  0.481198562857295  0.426322199025748
lj2m0 0.000000000000000  0.001302083333333  0.009172521467603  0.032405108994900  0.173519654167086  0.455978469819300  0.234704005984973
lj2m1wk 0.000000000000000  0.002322880371661  0.012441968430826  0.036895559949667  0.154933542756383  0.432014993842516  0.287426833397833
lj2m2wk 0.000000000000000  0.003610108303249  0.012608772864500  0.041760387047490  0.154806080490565  0.428205333120222  0.331928689209290
lj2m3wk 0.013888888888889  0.005395683453237  0.014226590791516  0.076450773888202  0.193713414811723  0.449111133346675  0.381007142972837
lj2m4wk 0.034285714285714  0.006441223832528  0.015006821282401  0.078158405011684  0.193713414811723  0.472143319878407  0.413596809458650
lj2u0 0.000000000000000  0.000000000000000  0.001564945226917  0.010448752793380  0.092417673170228  0.487209436593447  0.417296193311843
lj2u1wk 0.013157894736842  0.003937007874016  0.003760969494359  0.020757689936288  0.093247421341162  0.478730141858106  0.427077516167967
lj2u2wk 0.026666666666667  0.006302521008403  0.006882591093117  0.034605339524086  0.091094717428534  0.466325664904112  0.419569231568050
lj2u3wk 0.037037037037037  0.005725190839695  0.009668508287293  0.076450773888202  0.193713414811723  0.471366203183206  0.419234218946960
lj2u4wk 0.039215686274510  0.006441223832528  0.015006821282401  0.078158405011684  0.193713414811723  0.480151015506293  0.426322199025748
lj5m0 0.000000000000000  0.002260397830018  0.009570615623383  0.037267080745342  0.181962517566538  0.473577898448889  0.198592101887760
lj5m1wk 0.000000000000000  0.002544529262087  0.012785636561480  0.041565277846750  0.149179918046151  0.408989450839263  0.270146311261731
lj5m2wk 0.000000000000000  0.003193187865886  0.011958798882682  0.042357708254806  0.136784996142805  0.411827290254158  0.318583095152128
lj5m3wk 0.013888888888889  0.004608294930876  0.011373329542223  0.076450773888202  0.193713414811723  0.426535453721806  0.386671705817492
lj5m4wk 0.013888888888889  0.006441223832528  0.015006821282401  0.078158405011684  0.193713414811723  0.471366203183206  0.419234218946960
lj5u0 0.000000000000000  0.000000000000000  0.001291989664083  0.014044355007756  0.075265953019129  0.437357977987381  0.429918021843040
lj5u1wk 0.000000000000000  0.000000000000000  0.002045919527165  0.018523407250968  0.073771145866582  0.423686362707013  0.436395558970252
lj5u2wk 0.009523809523810  0.001036269430052  0.002746672300866  0.026081397826550  0.067853323674497  0.407697055458542  0.432368352956398
lj5u3wk 0.017621145374449  0.001718213058419  0.009668508287293  0.076450773888202  0.193713414811723  0.428099282267148  0.442791976947370
lj5u4wk 0.026315789473684  0.006441223832528  0.015006821282401  0.078158405011684  0.193713414811723  0.471366203183206  0.426322199025748
lj1c0 0.036363636363636  0.094907407407407  0.193804306762373  0.177323181359508  0.030534351145038  0.168061799204258  0.440768558411522
lj1c1wk 0.073170731707317  0.087850467289720  0.189216342933691  0.196739832149774  0.029203411883765  0.186440837361521  0.431713956628991
lj1c2wk 0.040000000000000  0.099601593625498  0.182739343116702  0.164296712254325  0.097068544331082  0.405904933415478  0.398765882626149
lj1c3wk 0.097560975609756  0.014195583596215  0.021365294424179  0.101286917877974  0.193713414811723  0.479179666830879  0.386671705817492
lj1c4wk 0.074074074074074  0.009584664536741  0.017418351477449  0.082925764192140  0.193713414811723  0.479179666830879  0.407067966390000
lj2c0 0.057971014492754  0.105263157894737  0.229098360655738  0.264576677316294  0.023187459177008  0.153920530411161  0.377600429924343
lj2c1wk 0.080000000000000  0.092059838895282  0.219442165709598  0.283031733543142  0.026112294071501  0.164826885911756  0.367833304057615
lj2c2wk 0.068181818181818  0.104255319148936  0.215583278616765  0.231811273376066  0.078879404683738  0.349678800856531  0.378589403155587
lj2c3wk 0.097560975609756  0.014195583596215  0.021365294424179  0.111737614599923  0.193713414811723  0.435782119046897  0.378589403155587
lj2c4wk 0.074074074074074  0.009584664536741  0.017418351477449  0.082925764192140  0.193713414811723  0.471366203183206  0.407067966390000
lj5c0 0.056390977443609  0.115002366303833  0.256404979936207  0.360267840349095  0.009940476190476  0.108994959575116  0.221309150141384
lj5c1wk 0.058823529411765  0.113234591495461  0.270330522438693  0.375864383042045  0.010085394581861  0.103054652559569  0.216258567533824
lj5c2wk 0.057017543859649  0.123098201936376  0.237891127303901  0.323227655051299  0.047280692381665  0.206664955285809  0.226887174545844
lj5c3wk 0.097560975609756  0.014195583596215  0.021365294424179  0.111737614599923  0.193713414811723  0.399839366190549  0.378589403155587
lj5c4wk 0.074074074074074  0.009584664536741  0.017418351477449  0.084753633957182  0.193713414811723  0.471366203183206  0.407067966390000
fg5uf1u0 0.026666666666667  0.024564183835182  0.029047875201721  0.051396133783369  0.146876895087932  0.519353295999753  0.372330213219552
fg5uf1u1wk 0.029339853300733  0.023038156947444  0.025835866261398  0.055038729516173  0.142917209771686  0.514081583116153  0.388937351308485
fg5uf1u2wk 0.030800821355236  0.021021021021021  0.021181716833891  0.057031190711088  0.129401935748290  0.506778263030444  0.396066621836291
fg5uf1u3wk 0.037209302325581  0.012241775057383  0.017788319003854  0.076450773888202  0.193713414811723  0.488368871518330  0.407067966390000
fg5uf1u4wk 0.041666666666667  0.008528784648188  0.017347637525679  0.078158405011684  0.193713414811723  0.481432469584128  0.422653050831718
fg5mf1u0 0.018181818181818  0.018665158371041  0.032629719956269  0.061183254071902  0.190696509939412  0.448095856652058  0.267517799114514
fg5mf1u1wk 0.015873015873016  0.018801410105758  0.036218004527251  0.071865583051776  0.196003089215396  0.440351990557534  0.321701776735656
fg5mf1u2wk 0.013888888888889  0.018678160919540  0.030701402805611  0.066847245346786  0.180287897491354  0.447403741022267  0.347626845625605
fg5mf1u3wk 0.018018018018018  0.014195583596215  0.021365294424179  0.076450773888202  0.193713414811723  0.463074780978377  0.386671705817492
fg5mf1u4wk 0.029850746268657  0.009584664536741  0.017418351477449  0.078158405011684  0.193713414811723  0.481432469584128  0.417097434363406
fg5uf1m0 0.202531645569620  0.065979381443299  0.061093247588424  0.031760306716524  0.095832040541938  0.337651269814215  0.209888439905442
fg5uf1m1wk 0.113636363636364  0.234338747099768  0.009352517985612  0.042979420870515  0.093375019265065  0.337295928692108  0.236246967902070
fg5uf1m2wk 0.099009900990099  0.069395017793594  0.015069551777434  0.064334022692974  0.090076956168443  0.346126719875041  0.253178588599818
fg5uf1m3wk 0.071856287425150  0.012718600953895  0.021365294424179  0.082925764192140  0.193713414811723  0.408013076669933  0.378589403155587
fg5uf1m4wk 0.058558558558559  0.009584664536741  0.017418351477449  0.083540414765283  0.193713414811723  0.471366203183206  0.407067966390000
fg5mf1m0 0.555555555555556  0.060356652949246  0.023774866569626  0.042626275844020  0.126129087234923  0.224689242639552  0.103464094081014
fg5mf1m1wk 0.348837209302326  0.052256532066508  0.025592672413793  0.033980378121184  0.122005427662362  0.286476362084499  0.178967860338406
fg5mf1m2wk 0.166666666666667  0.106575963718821  0.038036494474428  0.047367572361525  0.132825275369473  0.294660248324624  0.203229235178051
fg5mf1m3wk 0.048780487804878  0.014195583596215  0.021365294424179  0.081365655717634  0.193713414811723  0.408013076669933  0.378589403155587
fg5mf1m4wk 0.074074074074074  0.009584664536741  0.017418351477449  0.082925764192140  0.193713414811723  0.471366203183206  0.407067966390000
fg8uf05m0 0.300000000000000  0.037383177570093  0.092820884699057  0.044853393479598  0.075308056872038  0.236910680884398  0.138342624099419
fg8uf05m1wk 0.203703703703704  0.031772575250836  0.010337323177367  0.066713335666783  0.075363038351744  0.247239739689320  0.152904498697230
fg8uf05m2wk 0.089743589743590  0.071078431372549  0.016121152906693  0.076450773888202  0.082533675721944  0.251618928425823  0.159221170985877
fg8uf05m3wk 0.080402010050251  0.012718600953895  0.021365294424179  0.083540414765283  0.193713414811723  0.408013076669933  0.378589403155587
fg8uf05m4wk 0.063106796116505  0.012718600953895  0.017788319003854  0.085846401286691  0.194279546681058  0.419763326131403  0.381007142972837
fg2uf05m0 0.200000000000000  0.283687943262411  0.010843941537011  0.031477585369801  0.105457877944471  0.442018364948328  0.279940828402367
fg2uf05m1wk 0.219512195121951  0.327759197324415  0.013416387158601  0.035297148746135  0.107398769213477  0.434324487432514  0.308171329909047
fg2uf05m2wk 0.186046511627907  0.310439560439560  0.017025538307461  0.044328976211740  0.119744831296595  0.432376838424355  0.323176948694324
fg2uf05m3wk 0.097560975609756  0.014195583596215  0.018650306748466  0.082925764192140  0.193713414811723  0.462018554281959  0.378589403155587
fg2uf05m4wk 0.097560975609756  0.012718600953895  0.018162103551098  0.082925764192140  0.193713414811723  0.454618243345318  0.381007142972837
fg5mf1c0 0.264864864864865  0.171860245514636  0.168425128254767  0.128553465996064  0.123137454530029  0.185092116226475  0.123125465399518
fg5mf1c1wk 0.255474452554745  0.215994020926756  0.163698907324970  0.153070849165926  0.126509932769165  0.204015088854997  0.169381883178919
fg5mf1c2wk 0.300000000000000  0.070193285859613  0.052722694365754  0.085846401286691  0.127355278093076  0.220206521694608  0.186484682727665
fg5mf1c3wk 0.097560975609756  0.014195583596215  0.021365294424179  0.082925764192140  0.194279546681058  0.399839366190549  0.378589403155587
fg5mf1c4wk 0.074074074074074  0.009584664536741  0.017418351477449  0.082925764192140  0.193713414811723  0.471366203183206  0.407067966390000
fg5mf1c0d0 0.016129032258065  0.022675736961451  0.011593863450053  0.015389008757457  0.073539181421680  0.234451871204153  0.587471400124384
fg5mf1c0d1wk 0.015873015873016  0.023419203747073  0.010510204081633  0.015869827239855  0.073885978592661  0.243367367314067  0.605508582074011
fg5mf1c0d2wk 0.026415094339623  0.021555763823805  0.010323214944083  0.019205999370295  0.074318118868172  0.245343443144088  0.611940885572175
fg5mf1c0d3wk 0.048780487804878  0.008460236886633  0.009668508287293  0.076450773888202  0.193713414811723  0.399839366190549  0.535952402858282
fg5mf1c0d4wk 0.067484662576687  0.008706467661692  0.015006821282401  0.078158405011684  0.193713414811723  0.471366203183206  0.426322199025748
fg8uf05c0d0 0.017167381974249  0.012800000000000  0.008714083843618  0.031619822485207  0.040632648635251  0.161926373989170  0.717471646371916
fg8uf05c0d1wk 0.032051282051282  0.014455782312925  0.008392782207302  0.035057678442682  0.038689851310340  0.154156217917431  0.673580042158736
fg8uf05c0d2wk 0.165413533834586  0.003054989816701  0.007162041181737  0.031503150315032  0.042506412605350  0.159238034986538  0.517025346321076
fg8uf05c0d3wk 0.048888888888889  0.005772005772006  0.012115193644489  0.076450773888202  0.193713414811723  0.399839366190549  0.422653050831718
fg8uf05c0d4wk 0.084745762711864  0.004985754985755  0.011373329542223  0.076450773888202  0.193713414811723  0.408013076669933  0.422653050831718
fg2uf05c0d0 0.239130434782609  0.017964071856287  0.016456390565003  0.025479686164841  0.102659766518233  0.437086053057069  0.539426058738251
fg2uf05c0d1wk 0.523255813953488  0.026442307692308  0.011328527291452  0.027977259126272  0.089535342898513  0.407584497620249  0.510827282157676
fg2uf05c0d2wk 0.557377049180328  0.008528784648188  0.014226590791516  0.043901001767826  0.090439082871272  0.405437168769541  0.492836831415030
fg2uf05c0d3wk 0.083333333333333  0.010230179028133  0.015984955336154  0.076502476866997  0.193713414811723  0.423908427865479  0.475216384081313
fg2uf05c0d4wk 0.097560975609756  0.006097560975610  0.014691791759821  0.076450773888202  0.193713414811723  0.429824188790560  0.460058512911391
fg8uf05c7m0 0.533783783783784  0.048453608247423  0.015637216575450  0.111840293712712  0.070936011866039  0.146088269644199  0.136903575505471
fg8uf05c7m1wk 0.511904761904762  0.061773255813953  0.025373134328358  0.090968100890208  0.065417555756920  0.161890318695778  0.159344148852625
fg8uf05c7m2wk 0.514124293785311  0.046483909415971  0.014821029082774  0.079464854533871  0.063723040636431  0.155579684656441  0.155003718153758
fg8uf05c7m3wk 0.097560975609756  0.008460236886633  0.014817367332874  0.081365655717634  0.194279546681058  0.399839366190549  0.378589403155587
fg8uf05c7m4wk 0.074074074074074  0.009584664536741  0.016209476309227  0.082925764192140  0.194279546681058  0.471366203183206  0.407067966390000
fg2uf05c7m0 0.576923076923077  0.067245119305857  0.047724259832081  0.067104195855763  0.148007295587722  0.417465762324264  0.360539925933055
fg2uf05c7m1wk 0.693548387096774  0.093155893536122  0.033953112368634  0.056696070569366  0.116115778500031  0.397574750830565  0.365258162273429
fg2uf05c7m2wk 0.641791044776119  0.025906735751295  0.018650306748466  0.065568906690402  0.099712430126983  0.399563989376758  0.370951457988025
fg2uf05c7m3wk 0.097560975609756  0.014195583596215  0.016209476309227  0.082925764192140  0.193713414811723  0.422991829767488  0.381007142972837
fg2uf05c7m4wk 0.074074074074074  0.009584664536741  0.016209476309227  0.082925764192140  0.193713414811723  0.471366203183206  0.407067966390000
fg8uf05c0 0.537414965986395  0.040353089533417  0.013296398891967  0.097962119395828  0.071303730405811  0.145203506646398  0.113442475653115
fg8uf05c1wk 0.576576576576577  0.033297529538131  0.024533445166702  0.086536243251972  0.064308188166679  0.150519148389766  0.118865793041121
fg8uf05c2wk 0.497005988023952  0.020632737276479  0.016121152906693  0.093040888166802  0.067453625632378  0.155836339733913  0.122321787821888
fg8uf05c3wk 0.097560975609756  0.008460236886633  0.014817367332874  0.081365655717634  0.194279546681058  0.399839366190549  0.378589403155587
fg8uf05c4wk 0.074074074074074  0.008528784648188  0.016209476309227  0.082925764192140  0.194279546681058  0.471366203183206  0.407067966390000
fg2uf05c0 0.641509433962264  0.033175355450237  0.028934677772907  0.060171496156121  0.127427403354777  0.409418410283013  0.305060918462980
fg2uf05c1wk 0.712121212121212  0.042500000000000  0.020730058584948  0.053147865240814  0.109720942672888  0.386696196814444  0.308447081418479
fg2uf05c2wk 0.676923076923077  0.037735849056604  0.017452830188679  0.072739916550765  0.108270553999293  0.384245708295863  0.318775293966439
fg2uf05c3wk 0.097560975609756  0.014195583596215  0.015697137580794  0.082925764192140  0.193713414811723  0.419057284060626  0.378589403155587
fg2uf05c4wk 0.074074074074074  0.009584664536741  0.016209476309227  0.082925764192140  0.193713414811723  0.471366203183206  0.407067966390000
fg8cf05c0 0.661016949152542  0.070000000000000  0.053377129952782  0.091227395151982  0.003850509626274  0.116436974322228  0.146778070363453
fg8cf05c1wk 0.604651162790698  0.066869300911854  0.063088718510405  0.100100857286939  0.004018612521151  0.114458322573630  0.156318060206379
fg8cf05c2wk 0.561403508771930  0.048582995951417  0.040835266821346  0.091396030672079  0.039294987018175  0.160384075726163  0.143168191061845
fg8cf05c3wk 0.097560975609756  0.014195583596215  0.019093078758950  0.081365655717634  0.194279546681058  0.399839366190549  0.378589403155587
fg8cf05c4wk 0.074074074074074  0.009584664536741  0.017418351477449  0.081365655717634  0.194279546681058  0.471366203183206  0.407067966390000
fg2cf05c0 0.523809523809524  0.116236162361624  0.099115044247788  0.151702331053754  0.024411895250777  0.215844567190699  0.428552720277889
fg2cf05c1wk 0.346666666666667  0.245569620253165  0.188118811881188  0.148028909329829  0.026591160901145  0.217764238365513  0.417496412981755
fg2cf05c2wk 0.518518518518518  0.052256532066508  0.042006269592476  0.094800511806444  0.104228507420891  0.399839366190549  0.398765882626149
fg2cf05c3wk 0.097560975609756  0.014195583596215  0.021365294424179  0.085846401286691  0.193713414811723  0.463074780978377  0.381007142972837
fg2cf05c4wk 0.074074074074074  0.009584664536741  0.017418351477449  0.081365655717634  0.193713414811723  0.475612875517506  0.407067966390000
fg5cf1cA0 0.529411764705882  0.158564814814815  0.112500000000000  0.155018639988674  0.009933260903306  0.151349331926864  0.255181923608965
fg5cf1cA1wk 0.511904761904762  0.118110236220472  0.111273792093704  0.160769928608054  0.009729095026420  0.148433002989049  0.262530555008620
fg5cf1cA2wk 0.410112359550562  0.072671443193449  0.068141450024221  0.112231061290906  0.059118529907021  0.242503757582748  0.261558043212903
fg5cf1cA3wk 0.097560975609756  0.014195583596215  0.021365294424179  0.086435445796259  0.193713414811723  0.399839366190549  0.378589403155587
fg5cf1cA4wk 0.074074074074074  0.009584664536741  0.017418351477449  0.081365655717634  0.193713414811723  0.471366203183206  0.407067966390000
fg5cf1cB0 0.483146067415730  0.144989339019190  0.129318854886476  0.149719246921153  0.011132029139723  0.156220767072030  0.253506548056585
fg5cf1cB1wk 0.359477124183007  0.209783631232361  0.155530388825972  0.163699403950290  0.011017166282347  0.149044197396963  0.265279029060011
fg5cf1cB2wk 0.404040404040404  0.057001239157373  0.054338299737073  0.107497243660419  0.062188196887142  0.240877601492559  0.269041982591928
fg5cf1cB3wk 0.097560975609756  0.014195583596215  0.021365294424179  0.086435445796259  0.193713414811723  0.399839366190549  0.378589403155587
fg5cf1cB4wk 0.074074074074074  0.009584664536741  0.017418351477449  0.081365655717634  0.193713414811723  0.471366203183206  0.407067966390000
fg5cf1cC0 0.598130841121495  0.100585937500000  0.102635228848821  0.143675235428862  0.009939534498468  0.150292245262648  0.254021369553321
fg5cf1cC1wk 0.432000000000000  0.145514223194748  0.128697183098592  0.157173304358728  0.011250198066867  0.146559871956730  0.269082695065937
fg5cf1cC2wk 0.352272727272727  0.098318240620957  0.062621962036544  0.111291068949560  0.058417380616708  0.243326995369900  0.265089149487092
fg5cf1cC3wk 0.097560975609756  0.014195583596215  0.021365294424179  0.086435445796259  0.193713414811723  0.399839366190549  0.378589403155587
fg5cf1cC4wk 0.074074074074074  0.009584664536741  0.017418351477449  0.081365655717634  0.193713414811723  0.471366203183206  0.407067966390000
fg5cf1cb1f1wk 0.205882352941176  0.013554216867470  0.016353429338540  0.080893038002554  0.192789951244433  0.483335228819663  0.424736603317034
fg5cf1cb1f2wk 0.294117647058824  0.012288786482335  0.016107016107016  0.081365655717634  0.192970021816410  0.483310009168810  0.425105736206708
fg5cf1cb1f3wk 0.097560975609756  0.011764705882353  0.016209476309227  0.081365655717634  0.193713414811723  0.482532518972973  0.425314621545037
fg5cf1cb1t1wk 0.082474226804124  0.274147727272727  0.224838264927352  0.199957258868785  0.019227213902755  0.132285476471613  0.247077603368715
fg5cf1cb1t2wk 0.071729957805907  0.079893475366178  0.079284505680445  0.108994567040043  0.061482420019005  0.249462597342196  0.279667175855205
fg5cf1cb1t3wk 0.097560975609756  0.013119533527697  0.021365294424179  0.083540414765283  0.193713414811723  0.399839366190549  0.378589403155587
fg5cf1cb2f1wk 0.188118811881188  0.041666666666667  0.024023062139654  0.080138854450781  0.190645161290323  0.481389663959394  0.425957796749553
fg5cf1cb2f2wk 0.125000000000000  0.039106145251397  0.022322872856681  0.079506904295475  0.190909890453528  0.481246448525234  0.426125357895153
fg5cf1cb2f3wk 0.097560975609756  0.014195583596215  0.018650306748466  0.079464854533871  0.193713414811723  0.481570600459368  0.426429180408786
fg5cf1cb2t1wk 0.209302325581395  0.081586826347305  0.181638696939783  0.194859202344647  0.022258703104630  0.136492085553748  0.253690999964434
fg5cf1cb2t2wk 0.172972972972973  0.051573426573427  0.079351774238614  0.133969465648855  0.059527738606019  0.242385016787347  0.260262902318314
fg5cf1cb2t3wk 0.097560975609756  0.010526315789474  0.021365294424179  0.085846401286691  0.193713414811723  0.399839366190549  0.378589403155587
fg5cf1cb3f1wk 0.117187500000000  0.101449275362319  0.043620776601109  0.091920324221781  0.191680798530872  0.480828689651273  0.425510192506211
fg5cf1cb3f2wk 0.126582278481013  0.054054054054054  0.036435124508519  0.085846401286691  0.187663452108532  0.481353010575694  0.425838698746188
fg5cf1cb3f3wk 0.097560975609756  0.014195583596215  0.021365294424179  0.082777036048064  0.193713414811723  0.481500578800534  0.426467337006865
fg5cf1cb3t1wk 0.217948717948718  0.171875000000000  0.106429643310631  0.213434424739698  0.028336887616488  0.156619714781389  0.233860875170840
fg5cf1cb3t2wk 0.284090909090909  0.090808416389812  0.031880617263015  0.149056744463500  0.064490095377843  0.236414325774135  0.254001304914156
fg5cf1cb3t3wk 0.097560975609756  0.014195583596215  0.018650306748466  0.092446201141853  0.193713414811723  0.399839366190549  0.378589403155587
fg5cf1cb4f1wk 0.022580645161290  0.075098814229249  0.180244590780809  0.203868332532436  0.179835770856615  0.468146437803143  0.424563693178061
fg5cf1cb4f2wk 0.029850746268657  0.059428571428571  0.132653061224490  0.140455753116697  0.187186208735060  0.472899174005052  0.425119884611959
fg5cf1cb4f3wk 0.097560975609756  0.012718600953895  0.021365294424179  0.086435445796259  0.193713414811723  0.481198562857295  0.427078737373590
fg5cf1cb4t1wk 0.467153284671533  0.198151950718686  0.118366578848325  0.087471964114066  0.048841522654341  0.175569358178054  0.231852300529704
fg5cf1cb4t2wk 0.280701754385965  0.098187311178248  0.062409288824383  0.081365655717634  0.103430086293180  0.241838014882634  0.255442005638341
fg5cf1cb4t3wk 0.097560975609756  0.014195583596215  0.021365294424179  0.085846401286691  0.194279546681058  0.399839366190549  0.378589403155587
fg5cf1cb5f1wk 0.020833333333333  0.041758241758242  0.059794644654721  0.225608458099766  0.261514037295692  0.432402065414175  0.426932695894878
fg5cf1cb5f2wk 0.020547945205479  0.027397260273973  0.065501217083426  0.216703888829806  0.245318603208664  0.459470078016052  0.427209761694167
fg5cf1cb5f3wk 0.091549295774648  0.009478672985782  0.017938583155974  0.081365655717634  0.200306740690040  0.472195636661244  0.434712466724398
fg5cf1cb5t1wk 0.438356164383562  0.203548085901027  0.128180175170304  0.121820339507765  0.047567411262922  0.168943551941028  0.244738788408526
fg5cf1cb5t2wk 0.464788732394366  0.092476489028213  0.081284606866002  0.113336049828279  0.081127587428514  0.242089664100293  0.255133800524039
fg5cf1cb5t3wk 0.097560975609756  0.014195583596215  0.021365294424179  0.084804326598062  0.193713414811723  0.399839366190549  0.378589403155587
fg5cf1cb6f1wk 0.000000000000000  0.010695187165775  0.021563342318059  0.194990267014361  0.253447157109255  0.281385195710944  0.403979905086478
fg5cf1cb6f2wk 0.051020408163265  0.011747430249633  0.020105165480977  0.085846401286691  0.215440182225731  0.284651807502577  0.407252816020025
fg5cf1cb6f3wk 0.051020408163265  0.010526315789474  0.017291910902696  0.081365655717634  0.197073380675705  0.399839366190549  0.418125518257148
fg5cf1cb6t1wk 0.104166666666667  0.267076502732240  0.265433854907539  0.266889491275627  0.049119318181818  0.447967376637319  0.180214629332675
fg5cf1cb6t2wk 0.193750000000000  0.194816800714924  0.169870713884205  0.210275229357798  0.072125029157919  0.485699729592037  0.206448159188501
fg5cf1cb6t3wk 0.097560975609756  0.014195583596215  0.021365294424179  0.101286917877974  0.194279546681058  0.487131134019285  0.378589403155587
fg5cf1cb7f1wk 0.053097345132743  0.015366430260047  0.018397626112760  0.105199687876853  0.076837096413630  0.560326354597847  0.187958437344857
fg5cf1cb7f2wk 0.042105263157895  0.006518904823990  0.018557422969188  0.092454112848402  0.187186208735060  0.541920613270257  0.223036471246901
fg5cf1cb7f3wk 0.048192771084337  0.005997001499250  0.015114127082048  0.082904056664520  0.193713414811723  0.487131134019285  0.378589403155587
fg5cf1cb7t1wk 0.438596491228070  0.093959731543624  0.074669187145558  0.145078861573707  0.151559424022187  0.218332874879364  0.430359277010460
fg5cf1cb7t2wk 0.225806451612903  0.090361445783133  0.048377581120944  0.103680487908178  0.167032111313756  0.218241071956147  0.428178013462159
fg5cf1cb7t3wk 0.097560975609756  0.014195583596215  0.021365294424179  0.086435445796259  0.194279546681058  0.399839366190549  0.432859332683021
fg5cf1cb15f1wk 0.022556390977444  0.050847457627119  0.060734463276836  0.223128040008221  0.261429322122964  0.431288626900717  0.426648211996641
fg5cf1cb15f2wk 0.058823529411765  0.033467202141901  0.033500501504514  0.120161525029104  0.229632354532274  0.462834438453004  0.427637603369821
fg5cf1cb15f3wk 0.097560975609756  0.008528784648188  0.017788319003854  0.083540414765283  0.198988568516792  0.474909011822516  0.434285714285714
fg5cf1cb15t1wk 0.056410256410256  0.295695570804741  0.200835509138381  0.168018489447061  0.048638387012307  0.173441062454265  0.234513370941819
fg5cf1cb15t2wk 0.047858942065491  0.280580511402903  0.197735590118939  0.153674443034096  0.082175305150584  0.242889823278074  0.240484470403733
fg5cf1cb15t3wk 0.097560975609756  0.014195583596215  0.021365294424179  0.085846401286691  0.193713414811723  0.399839366190549  0.378589403155587
fg5cf1cb56f1wk 0.026845637583893  0.040770101925255  0.065738722119738  0.230025665811140  0.286974492292188  0.207620834720499  0.416377783169531
fg5cf1cb56f2wk 0.017241379310345  0.037280701754386  0.070875290472502  0.234251505061716  0.253955368532662  0.213097633009459  0.417931703077206
fg5cf1cb56f3wk 0.078431372549020  0.007656967840735  0.016120644825793  0.081365655717634  0.197073380675705  0.399839366190549  0.424206565063732
fg5cf1cb56t1wk 0.151408450704225  0.289287656334965  0.244252288911495  0.218133979284998  0.065670354936054  0.499650388380433  0.174649148661210
fg5cf1cb56t2wk 0.350877192982456  0.098321342925659  0.103380588876772  0.103380079108234  0.075158205792980  0.526926189550688  0.203141706985663
fg5cf1cb56t3wk 0.097560975609756  0.014195583596215  0.021365294424179  0.085846401286691  0.193713414811723  0.487131134019285  0.378589403155587
fg5cf1cb67f1wk 0.057971014492754  0.011525423728814  0.025067750677507  0.113740348870460  0.096589940323956  0.234998258528782  0.235285670325162
fg5cf1cb67f2wk 0.077777777777778  0.009098428453267  0.021365294424179  0.101466833975163  0.211624377600437  0.272950183760030  0.239208381071702
fg5cf1cb67f3wk 0.048780487804878  0.006769825918762  0.018162103551098  0.086435445796259  0.194279546681058  0.399839366190549  0.378589403155587
fg5cf1cb67t1wk 0.200956937799043  0.193113772455090  0.147903598547375  0.183927290121980  0.160692111243879  0.430124379897908  0.434002257098190
fg5cf1cb67t2wk 0.165605095541401  0.117647058823529  0.058811997647520  0.094800511806444  0.177251152775116  0.451978382761229  0.437235739492401
fg5cf1cb67t3wk 0.097560975609756  0.014195583596215  0.021365294424179  0.092446201141853  0.193713414811723  0.471366203183206  0.433220870287725
fg5cf1cb567f1wk 0.045248868778281  0.016901408450704  0.025221238938053  0.131039723299444  0.101677925473959  0.202152984959862  0.245880796648784
fg5cf1cb567f2wk 0.029850746268657  0.013047530288910  0.031466407483902  0.133350359371010  0.137486369411459  0.238998246932131  0.262773435244340
fg5cf1cb567f3wk 0.048780487804878  0.007462686567164  0.018026941362916  0.085846401286691  0.194279546681058  0.399839366190549  0.378589403155587
fg5cf1cb567t1wk 0.477272727272727  0.156530408773679  0.129245699161888  0.102719194947008  0.164437889622864  0.467130518234165  0.429564153085474
fg5cf1cb567t2wk 0.291262135922330  0.123486682808717  0.096402539383964  0.092610162344508  0.170047785356751  0.472340125502362  0.428256755320829
fg5cf1cb567t3wk 0.097560975609756  0.014195583596215  0.021365294424179  0.086093044039521  0.193713414811723  0.482318230726529  0.427177923953153
