dreps 0.951219512195122  0.989208633093525  0.976585014409222  0.901125854443104  0.727242532798747  0.270050627483962  0.000000000000000
ureps0 0.980000000000000  1.000000000000000  1.000000000000000  0.996268656716418  0.967464372143049  0.628922339119560  0.000000000000000
ureps1wk 0.988372093023256  1.000000000000000  1.000000000000000  0.995821145006268  0.960328770755311  0.579235951555746  0.000000000000000
ureps2wk 0.988764044943820  1.000000000000000  0.997109826589595  0.995203836930456  0.957520021925150  0.570236197871424  0.000000000000000
ureps3wk 0.990950226244344  0.994227994227994  0.987345586019886  0.913166434863236  0.730012884880260  0.439693020764187  0.000000000000000
ureps4wk 0.994285714285714  0.991896272285251  0.981296758104738  0.904523787269838  0.727242532798747  0.276575345192518  0.000000000000000
urepsB0 0.989130434782609  1.000000000000000  1.000000000000000  0.996774193548387  0.967948970350829  0.629425956550302  0.000000000000000
urepsB1wk 0.984615384615385  1.000000000000000  1.000000000000000  0.996103896103896  0.961519599829993  0.580027923141052  0.000000000000000
urepsB2wk 0.991869918699187  1.000000000000000  1.000000000000000  0.995590551181102  0.956848606802493  0.572116777193384  0.000000000000000
urepsB3wk 0.996610169491525  0.996737357259380  0.987345586019886  0.913166434863236  0.730012884880260  0.439693020764187  0.000000000000000
urepsB4wk 0.994871794871795  0.991896272285251  0.981296758104738  0.904523787269838  0.727242532798747  0.276575345192518  0.000000000000000
urepsC0 0.975000000000000  1.000000000000000  1.000000000000000  0.993867717915024  0.939052332508478  0.523333552891582  0.000000000000000
urepsC1wk 0.990000000000000  1.000000000000000  1.000000000000000  0.994234465086483  0.942822512647555  0.555471716886951  0.000000000000000
urepsC2wk 0.986111111111111  1.000000000000000  1.000000000000000  0.994945567651633  0.949565390650295  0.580130760074209  0.000000000000000
urepsC3wk 0.993197278911565  0.996737357259380  0.987345586019886  0.913166434863236  0.730012884880260  0.439693020764187  0.000000000000000
urepsC4wk 0.986111111111111  0.989847715736041  0.981296758104738  0.904523787269838  0.727242532798747  0.276575345192518  0.000000000000000
ereps0 0.974358974358974  1.000000000000000  0.995192307692308  0.968980595791200  0.818786462503881  0.300107142281728  0.000000000000000
ereps1wk 0.996240601503759  0.985734664764622  0.980319803198032  0.953052267588775  0.830111345269900  0.319625598664556  0.000000000000000
ereps2wk 0.995833333333333  0.991666666666667  0.985478217325989  0.963678574103198  0.867586139675423  0.351460254721124  0.000000000000000
ereps3wk 0.994871794871795  0.990762124711316  0.984210526315789  0.913166434863236  0.730012884880260  0.361790558008193  0.000000000000000
ereps4wk 0.994936708860759  0.991896272285251  0.981296758104738  0.904523787269838  0.727242532798747  0.276575345192518  0.000000000000000
creps0 1.000000000000000  1.000000000000000  1.000000000000000  1.000000000000000  1.000000000000000  0.999955714001019  0.000000000000000
creps1wk 1.000000000000000  1.000000000000000  1.000000000000000  1.000000000000000  1.000000000000000  0.999962365996065  0.000000000000000
creps2wk 1.000000000000000  1.000000000000000  1.000000000000000  1.000000000000000  1.000000000000000  0.999909205777539  0.000000000000000
creps3wk 1.000000000000000  0.996737357259380  0.987345586019886  0.913166434863236  0.730012884880260  0.439693020764187  0.000000000000000
creps4wk 1.000000000000000  0.991896272285251  0.981296758104738  0.904523787269838  0.727242532798747  0.276575345192518  0.000000000000000
rreps0 0.320000000000000  0.025316455696203  0.035714285714286  0.003968253968254  0.000338868180278  0.000000000000000  0.000000000000000
rreps1wk 0.314814814814815  0.045662100456621  0.034063260340633  0.001512859304085  0.000174246384388  0.000000000000000  0.000000000000000
rreps2wk 0.629370629370629  0.130050505050505  0.034090909090909  0.004189944134078  0.001746724890830  0.000000000000000  0.000000000000000
rreps3wk 0.951219512195122  0.985691573926868  0.975096353394604  0.879640774002407  0.642932893899594  0.255838386167885  0.000000000000000
rreps4wk 0.951219512195122  0.986466165413534  0.976585014409222  0.898209606986900  0.706261510128913  0.270050627483962  0.000000000000000
rreps0d0               nan  1.000000000000000  1.000000000000000  1.000000000000000  1.000000000000000  1.000000000000000  0.000000000000000
rreps0d1wk 1.000000000000000  1.000000000000000  1.000000000000000  1.000000000000000  1.000000000000000  1.000000000000000  0.000000000000000
rreps0d2wk 0.629370629370629  0.130050505050505  0.034090909090909  0.004189944134078  0.001746724890830  0.000000000000000  0.000000000000000
rreps0d3wk 0.951219512195122  0.985691573926868  0.975096353394604  0.879640774002407  0.642932893899594  0.255838386167885  0.000000000000000
rreps0d4wk 0.951219512195122  0.986466165413534  0.976585014409222  0.898209606986900  0.706261510128913  0.270050627483962  0.000000000000000
rreps7m0 0.363636363636364  0.125000000000000  0.121212121212121  0.083726415094340  0.081609521110796  0.074994346825576  0.000000000000000
rreps7m1wk 0.454545454545455  0.149139579349904  0.137529137529138  0.098265895953757  0.083206106870229  0.076734046769719  0.000000000000000
rreps7m2wk 0.689320388349515  0.218500797448166  0.153284671532847  0.101293103448276  0.078413999335475  0.076447918092702  0.000000000000000
rreps7m3wk 0.951219512195122  0.985691573926868  0.975096353394604  0.879640774002407  0.642932893899594  0.255838386167885  0.000000000000000
rreps7m4wk 0.951219512195122  0.986466165413534  0.976585014409222  0.898209606986900  0.706261510128913  0.270050627483962  0.000000000000000
lj1m0 1.000000000000000  1.000000000000000  0.990119971771348  0.967867511216680  0.759209198385236  0.235744961171567  0.000000000000000
lj1m1wk 1.000000000000000  0.997506234413965  0.986930188077781  0.959747528879362  0.764067701086669  0.270354867157709  0.000000000000000
lj1m2wk 1.000000000000000  0.993103448275862  0.983387718777811  0.950481927710843  0.739168056053859  0.252668810664737  0.000000000000000
lj1m3wk 0.985915492957746  0.991948470209340  0.982537517053206  0.913166434863236  0.724005608442181  0.268338896555644  0.000000000000000
lj1m4wk 0.951219512195122  0.990521327014218  0.981296758104738  0.904523787269838  0.727242532798747  0.270050627483962  0.000000000000000
lj1u0 1.000000000000000  1.000000000000000  0.997011356843993  0.989051386557980  0.866624572871787  0.344375872418536  0.000000000000000
lj1u1wk 0.948717948717949  0.972789115646258  0.985611510791367  0.973229271567640  0.836957387495022  0.342394497139630  0.000000000000000
lj1u2wk 0.949494949494950  0.975232198142415  0.983807928531547  0.947995666305525  0.806310832926584  0.317370670347099  0.000000000000000
lj1u3wk 0.953488372093023  0.991948470209340  0.984905660377358  0.913166434863236  0.730012884880260  0.283463264335491  0.000000000000000
lj1u4wk 0.951219512195122  0.989339019189765  0.980567550894510  0.904523787269838  0.727242532798747  0.270050627483962  0.000000000000000
lj2m0 1.000000000000000  0.998697916666667  0.989274570982839  0.958658663176423  0.739665579480217  0.225721677837309  0.000000000000000
lj2m1wk 1.000000000000000  0.996965098634294  0.985387785687523  0.950233080110497  0.754084365584198  0.268987924682767  0.000000000000000
lj2m2wk 1.000000000000000  0.996350364963504  0.984623833058759  0.942876543733820  0.743099268675263  0.270076453821359  0.000000000000000
lj2m3wk 1.000000000000000  0.993855606758833  0.983545543584721  0.913166434863236  0.727961456551339  0.270050627483962  0.000000000000000
lj2m4wk 0.968503937007874  0.991896272285251  0.981296758104738  0.904523787269838  0.727242532798747  0.274449551522366  0.000000000000000
lj2u0 1.000000000000000  1.000000000000000  0.998018232263179  0.987202149473238  0.865555433709837  0.360700462315880  0.000000000000000
lj2u1wk 0.989795918367347  0.990909090909091  0.992019154030327  0.973467582828764  0.845089716813762  0.368934369487059  0.000000000000000
lj2u2wk 0.973958333333333  0.989208633093525  0.986407766990291  0.952194473178661  0.834104723136118  0.360723089564503  0.000000000000000
lj2u3wk 0.970149253731343  0.992000000000000  0.987345586019886  0.913166434863236  0.730012884880260  0.315385842563471  0.000000000000000
lj2u4wk 0.968000000000000  0.989847715736041  0.981296758104738  0.904523787269838  0.727242532798747  0.276575345192518  0.000000000000000
lj5m0 1.000000000000000  0.997805814591333  0.989355794150315  0.952620315532773  0.722711522576354  0.205512342249385  0.000000000000000
lj5m1wk 1.000000000000000  0.997409326424870  0.985283174865647  0.944762177104185  0.758192352748726  0.302207615917697  0.000000000000000
lj5m2wk 1.000000000000000  0.996274614156466  0.985095482068002  0.943731940994576  0.763461859058325  0.315745535137499  0.000000000000000
lj5m3wk 0.988059701492537  0.994816414686825  0.985654303708887  0.913166434863236  0.730012884880260  0.333627963037364  0.000000000000000
lj5m4wk 0.989974937343358  0.991896272285251  0.981296758104738  0.904523787269838  0.727242532798747  0.276575345192518  0.000000000000000
lj5u0 1.000000000000000  1.000000000000000  0.998534951862704  0.984078410502040  0.886738937514138  0.423666923973422  0.000000000000000
lj5u1wk 1.000000000000000  1.000000000000000  0.997369486038041  0.977597816997491  0.881002889738921  0.438158550772810  0.000000000000000
lj5u2wk 0.991071428571429  0.995959595959596  0.995563067821678  0.966419318324739  0.874504122253268  0.453242874474586  0.000000000000000
lj5u3wk 0.984615384615385  0.994845360824742  0.987345586019886  0.913166434863236  0.730012884880260  0.418602487938583  0.000000000000000
lj5u4wk 0.979674796747967  0.991896272285251  0.981296758104738  0.904523787269838  0.727242532798747  0.276575345192518  0.000000000000000
lj1c0 0.965517241379310  0.848484848484849  0.674369747899160  0.618152950516009  0.149640992167102  0.110228452751817  0.000000000000000
lj1c1wk 0.929577464788732  0.844537815126050  0.670420669095727  0.599795854271357  0.149478563151796  0.087471694397952  0.000000000000000
lj1c2wk 0.970149253731343  0.846863468634686  0.661083392729865  0.664545145960625  0.325230546938082  0.113560482835374  0.000000000000000
lj1c3wk 0.951219512195122  0.985691573926868  0.975096353394604  0.879640774002407  0.642932893899594  0.255838386167885  0.000000000000000
lj1c4wk 0.951219512195122  0.986466165413534  0.976585014409222  0.898209606986900  0.706261510128913  0.270050627483962  0.000000000000000
lj2c0 0.948717948717949  0.832409972299169  0.601229508196721  0.440348050273928  0.090170085042521  0.096092451879096  0.000000000000000
lj2c1wk 0.926605504587156  0.816784869976359  0.599105509249848  0.429838897968713  0.084589397089397  0.072302344952704  0.000000000000000
lj2c2wk 0.945945945945946  0.820766378244747  0.606334841628959  0.508788344583305  0.246232705129687  0.087614385447668  0.000000000000000
lj2c3wk 0.951219512195122  0.985691573926868  0.975096353394604  0.879640774002407  0.642932893899594  0.255838386167885  0.000000000000000
lj2c4wk 0.951219512195122  0.986466165413534  0.976585014409222  0.898209606986900  0.706261510128913  0.270050627483962  0.000000000000000
lj5c0 0.945945945945946  0.803196803196803  0.546289823229801  0.216585152200891  0.028305456747143  0.051984684025650  0.000000000000000
lj5c1wk 0.949109414758270  0.834096692111959  0.557315008465292  0.208456701819754  0.024281097207259  0.038038246189629  0.000000000000000
lj5c2wk 0.952755905511811  0.809831181727905  0.531403707907681  0.265543174390676  0.101426434448125  0.044595523130122  0.000000000000000
lj5c3wk 0.951219512195122  0.985691573926868  0.975096353394604  0.879640774002407  0.642932893899594  0.255838386167885  0.000000000000000
lj5c4wk 0.951219512195122  0.986466165413534  0.976585014409222  0.898209606986900  0.706261510128913  0.270050627483962  0.000000000000000
fg5uf1u0 0.976562500000000  0.969992498124531  0.967964239150680  0.935922481831679  0.785331439088179  0.284019413985260  0.000000000000000
fg5uf1u1wk 0.971374045801527  0.963487332339791  0.964208061548754  0.924070624443185  0.780017591412519  0.276450783277882  0.000000000000000
fg5uf1u2wk 0.970149253731343  0.969050894085282  0.966778149386845  0.916293541777339  0.791258791675345  0.296007851882826  0.000000000000000
fg5uf1u3wk 0.970149253731343  0.985691573926868  0.975603144483600  0.913166434863236  0.730012884880260  0.283463264335491  0.000000000000000
fg5uf1u4wk 0.962328767123288  0.986581920903955  0.976585014409222  0.904523787269838  0.727242532798747  0.275858820729694  0.000000000000000
fg5mf1u0 0.986206896551724  0.981519507186858  0.964931460768649  0.924559691229315  0.715230540050613  0.227127710879130  0.000000000000000
fg5mf1u1wk 0.984693877551020  0.980832782551223  0.960929335155559  0.907721884011535  0.693135444199909  0.235725623582766  0.000000000000000
fg5mf1u2wk 0.988095238095238  0.980759230369215  0.965214240420328  0.915179280157848  0.709039374716254  0.252934744891612  0.000000000000000
fg5mf1u3wk 0.982456140350877  0.985691573926868  0.975096353394604  0.913166434863236  0.723113098450389  0.270050627483962  0.000000000000000
fg5mf1u4wk 0.974358974358974  0.986466165413534  0.976585014409222  0.904523787269838  0.727242532798747  0.274449551522366  0.000000000000000
fg5uf1m0 0.803571428571429  0.738875878220141  0.633733055265902  0.670009171507184  0.483811880010467  0.158833824574823  0.000000000000000
fg5uf1m1wk 0.887500000000000  0.720481927710843  0.653540325634229  0.672169541871358  0.506638014777310  0.166374880679164  0.000000000000000
fg5uf1m2wk 0.909774436090226  0.747044917257683  0.670570457121269  0.670101137800253  0.501556113840039  0.169281006228457  0.000000000000000
fg5uf1m3wk 0.951219512195122  0.985691573926868  0.975096353394604  0.879640774002407  0.655077031399306  0.255838386167885  0.000000000000000
fg5uf1m4wk 0.951219512195122  0.986466165413534  0.976585014409222  0.898209606986900  0.706261510128913  0.270050627483962  0.000000000000000
fg5mf1m0 0.458333333333333  0.446327683615819  0.400063451776650  0.451746924888773  0.320773878390539  0.085286163136192  0.000000000000000
fg5mf1m1wk 0.657894736842105  0.630530973451327  0.567596566523605  0.562583111702128  0.405737025368927  0.134466200444737  0.000000000000000
fg5mf1m2wk 0.836363636363636  0.679292929292929  0.601145038167939  0.589711529874073  0.402249485153046  0.127974832601167  0.000000000000000
fg5mf1m3wk 0.952702702702703  0.985691573926868  0.975096353394604  0.879640774002407  0.642932893899594  0.255838386167885  0.000000000000000
fg5mf1m4wk 0.951219512195122  0.986466165413534  0.976585014409222  0.898209606986900  0.706261510128913  0.270050627483962  0.000000000000000
fg8uf05m0 0.707692307692308  0.671755725190840  0.570680628272251  0.543007996719295  0.321765888733167  0.108621704903412  0.000000000000000
fg8uf05m1wk 0.806451612903226  0.667553191489362  0.611621919823464  0.552727447032883  0.333129755452070  0.110517493775126  0.000000000000000
fg8uf05m2wk 0.938775510204082  0.723684210526316  0.631456008305217  0.556437739843853  0.344026791023755  0.116334273026330  0.000000000000000
fg8uf05m3wk 0.951219512195122  0.985691573926868  0.975096353394604  0.879640774002407  0.642932893899594  0.255838386167885  0.000000000000000
fg8uf05m4wk 0.951219512195122  0.986466165413534  0.975214723926380  0.886968137351196  0.655077031399306  0.268338896555644  0.000000000000000
fg2uf05m0 0.843750000000000  0.665529010238908  0.711026615969582  0.808341447581954  0.625658403624443  0.192801683840035  0.000000000000000
fg2uf05m1wk 0.783783783783784  0.622137404580153  0.707669322709163  0.803422515635858  0.629283237926308  0.203818468260669  0.000000000000000
fg2uf05m2wk 0.817073170731707  0.665116279069767  0.713914849428868  0.789300609560475  0.621735363287536  0.187981716938690  0.000000000000000
fg2uf05m3wk 0.951219512195122  0.985691573926868  0.975096353394604  0.879640774002407  0.655077031399306  0.255838386167885  0.000000000000000
fg2uf05m4wk 0.951219512195122  0.986466165413534  0.975214723926380  0.886968137351196  0.664258748715190  0.268338896555644  0.000000000000000
fg5mf1c0 0.814070351758794  0.540790580319596  0.401505048580682  0.369727968910733  0.275677509328710  0.079271166470291  0.000000000000000
fg5mf1c1wk 0.746753246753247  0.542561654733492  0.402589928057554  0.367500761344026  0.279787700916123  0.092828424714518  0.000000000000000
fg5mf1c2wk 0.779310344827586  0.546288573811510  0.442843211615560  0.422129409077561  0.283420355656451  0.092447335329464  0.000000000000000
fg5mf1c3wk 0.951219512195122  0.985691573926868  0.975096353394604  0.879640774002407  0.642932893899594  0.255838386167885  0.000000000000000
fg5mf1c4wk 0.951219512195122  0.986466165413534  0.976585014409222  0.898209606986900  0.706261510128913  0.270050627483962  0.000000000000000
fg5mf1c0d0 0.987261146496815  0.978443743427971  0.984943387135630  0.975992262254309  0.877323269762113  0.589733227537739  0.000000000000000
fg5mf1c0d1wk 0.984326018808777  0.975644028103045  0.984489795918367  0.973751356424319  0.870655726769395  0.599624922778219  0.000000000000000
fg5mf1c0d2wk 0.976653696498054  0.972730972730973  0.979328447993000  0.960524207760582  0.852779110750749  0.585313099190946  0.000000000000000
fg5mf1c0d3wk 0.970149253731343  0.988921282798834  0.980567550894510  0.902298247455137  0.730012884880260  0.439693020764187  0.000000000000000
fg5mf1c0d4wk 0.951219512195122  0.989208633093525  0.979643765903308  0.901125854443104  0.727242532798747  0.276575345192518  0.000000000000000
fg8uf05c0d0 0.983333333333333  0.984686064318530  0.989872821479039  0.963811454637608  0.924861027253232  0.754249184813995  0.000000000000000
fg8uf05c0d1wk 0.973782771535581  0.977246871444824  0.974838843834477  0.950297345646183  0.899930450435708  0.748317692316421  0.000000000000000
fg8uf05c0d2wk 0.839743589743590  0.915649278579356  0.941946748144915  0.887131169787911  0.670925918986773  0.497918168576851  0.000000000000000
fg8uf05c0d3wk 0.951219512195122  0.989208633093525  0.980014107688690  0.898110002123593  0.688152278887193  0.338329903841633  0.000000000000000
fg8uf05c0d4wk 0.951219512195122  0.989280245022971  0.979878633024593  0.898110002123593  0.697245058597166  0.334346246894420  0.000000000000000
fg2uf05c0d0 0.760869565217391  0.966767371601209  0.971286581998896  0.966331578107547  0.848575096277279  0.426491220611369  0.000000000000000
fg2uf05c0d1wk 0.604651162790698  0.832941176470588  0.923586572438163  0.918958031837916  0.805841550281502  0.421374164464480  0.000000000000000
fg2uf05c0d2wk 0.493333333333333  0.852941176470588  0.938334100322135  0.898110002123593  0.706261510128913  0.316391603585758  0.000000000000000
fg2uf05c0d3wk 0.951219512195122  0.986466165413534  0.975603144483600  0.898209606986900  0.706261510128913  0.276575345192518  0.000000000000000
fg2uf05c0d4wk 0.951219512195122  0.989280245022971  0.975603144483600  0.898209606986900  0.706261510128913  0.276575345192518  0.000000000000000
fg8uf05c7m0 0.490566037735849  0.386503067484663  0.432748538011696  0.368370472701063  0.206248592854298  0.073030537072243  0.000000000000000
fg8uf05c7m1wk 0.524064171122995  0.413255360623782  0.450288428910757  0.378728414442700  0.210517194424501  0.083514236771683  0.000000000000000
fg8uf05c7m2wk 0.508875739644970  0.437391304347826  0.430247479376719  0.337796086508754  0.202538474643648  0.071206160916181  0.000000000000000
fg8uf05c7m3wk 0.951219512195122  0.985691573926868  0.975096353394604  0.879640774002407  0.642932893899594  0.255838386167885  0.000000000000000
fg8uf05c7m4wk 0.951219512195122  0.986466165413534  0.976585014409222  0.898209606986900  0.706261510128913  0.270050627483962  0.000000000000000
fg2uf05c7m0 0.440000000000000  0.556547619047619  0.606006275212909  0.732835820895522  0.545359138191808  0.186008840161000  0.000000000000000
fg2uf05c7m1wk 0.359375000000000  0.354591836734694  0.548762736535662  0.695624831551523  0.515475964879035  0.170593160069498  0.000000000000000
fg2uf05c7m2wk 0.446428571428571  0.384976525821596  0.539801980198020  0.693323490813648  0.545758873627726  0.154998404340195  0.000000000000000
fg2uf05c7m3wk 0.951219512195122  0.985691573926868  0.975096353394604  0.879640774002407  0.642932893899594  0.255838386167885  0.000000000000000
fg2uf05c7m4wk 0.951219512195122  0.986466165413534  0.976585014409222  0.898209606986900  0.706261510128913  0.270050627483962  0.000000000000000
fg8uf05c0 0.465346534653465  0.410256410256410  0.444796771403863  0.384352240123593  0.212878565127904  0.067488220158463  0.000000000000000
fg8uf05c1wk 0.431818181818182  0.360675512665863  0.405243600330306  0.359827663051553  0.203056282358181  0.071009700327927  0.000000000000000
fg8uf05c2wk 0.558510638297872  0.394275161588181  0.425811437403400  0.347112054519048  0.213119491402976  0.064237463836361  0.000000000000000
fg8uf05c3wk 0.951219512195122  0.985691573926868  0.975096353394604  0.879640774002407  0.642932893899594  0.255838386167885  0.000000000000000
fg8uf05c4wk 0.951219512195122  0.986466165413534  0.976585014409222  0.898209606986900  0.706261510128913  0.270050627483962  0.000000000000000
fg2uf05c0 0.367346938775510  0.462829736211031  0.570593525179856  0.728050094263399  0.556907940969782  0.185157654451807  0.000000000000000
fg2uf05c1wk 0.294117647058824  0.361904761904762  0.537600716204118  0.700618716163960  0.528039466254569  0.167746175230243  0.000000000000000
fg2uf05c2wk 0.500000000000000  0.427722772277228  0.541037735849057  0.687649880095923  0.547081049044303  0.155071729783364  0.000000000000000
fg2uf05c3wk 0.951219512195122  0.985691573926868  0.975096353394604  0.879640774002407  0.642932893899594  0.255838386167885  0.000000000000000
fg2uf05c4wk 0.951219512195122  0.986466165413534  0.976585014409222  0.898209606986900  0.706261510128913  0.270050627483962  0.000000000000000
fg8cf05c0 0.339622641509434  0.332800000000000  0.256091413207864  0.133965877437326  0.027676620538966  0.023947627546311  0.000000000000000
fg8cf05c1wk 0.417910447761194  0.368869936034115  0.298564786739438  0.152634539658729  0.028667953667954  0.023943219389567  0.000000000000000
fg8cf05c2wk 0.443298969072165  0.374468085106383  0.311271460562329  0.160240537672444  0.071333969061242  0.031156114387449  0.000000000000000
fg8cf05c3wk 0.951219512195122  0.985691573926868  0.975096353394604  0.879640774002407  0.642932893899594  0.255838386167885  0.000000000000000
fg8cf05c4wk 0.951219512195122  0.986466165413534  0.976585014409222  0.898209606986900  0.706261510128913  0.270050627483962  0.000000000000000
fg2cf05c0 0.480000000000000  0.438596491228070  0.395151133501259  0.454941199402248  0.144400059180352  0.100602572521148  0.000000000000000
fg2cf05c1wk 0.672727272727273  0.451410658307210  0.366875000000000  0.426690029391815  0.128246994211073  0.081746028068777  0.000000000000000
fg2cf05c2wk 0.508771929824561  0.378761061946903  0.371057067180352  0.512719503238299  0.265464996764247  0.107842576165131  0.000000000000000
fg2cf05c3wk 0.951219512195122  0.985691573926868  0.975096353394604  0.879640774002407  0.642932893899594  0.255838386167885  0.000000000000000
fg2cf05c4wk 0.951219512195122  0.986466165413534  0.976585014409222  0.898209606986900  0.706261510128913  0.270050627483962  0.000000000000000
fg5cf1cA0 0.571428571428571  0.392285983066792  0.283721721381187  0.238738738738739  0.065865558366462  0.047893710967023  0.000000000000000
fg5cf1cA1wk 0.500000000000000  0.425196850393701  0.321893120200596  0.242208525045577  0.072829131652661  0.043166581131830  0.000000000000000
fg5cf1cA2wk 0.679558011049724  0.420600858369099  0.290898939140145  0.271816037735849  0.127805417357656  0.055214335910049  0.000000000000000
fg5cf1cA3wk 0.951219512195122  0.985691573926868  0.975096353394604  0.879640774002407  0.642932893899594  0.255838386167885  0.000000000000000
fg5cf1cA4wk 0.951219512195122  0.986466165413534  0.976585014409222  0.898209606986900  0.706261510128913  0.270050627483962  0.000000000000000
fg5cf1cB0 0.555555555555556  0.416996047430830  0.300592300098717  0.244438286754810  0.047077922077922  0.050436713714986  0.000000000000000
fg5cf1cB1wk 0.643410852713178  0.437588652482270  0.305694177863084  0.232652764658868  0.063260340632603  0.042276026432673  0.000000000000000
fg5cf1cB2wk 0.620000000000000  0.475431606905711  0.332464407459394  0.307590933052188  0.137792016677908  0.061825923162415  0.000000000000000
fg5cf1cB3wk 0.951219512195122  0.985691573926868  0.975096353394604  0.879640774002407  0.642932893899594  0.255838386167885  0.000000000000000
fg5cf1cB4wk 0.951219512195122  0.986466165413534  0.976585014409222  0.898209606986900  0.706261510128913  0.270050627483962  0.000000000000000
fg5cf1cC0 0.418181818181818  0.352250489236791  0.269230769230769  0.237358521293054  0.063786008230453  0.053747359477657  0.000000000000000
fg5cf1cC1wk 0.582608695652174  0.469366562824507  0.334154929577465  0.251815980629540  0.056880733944954  0.041525088608337  0.000000000000000
fg5cf1cC2wk 0.668711656441718  0.431684828164292  0.286138358286009  0.268768267223382  0.132237023817112  0.058543596134615  0.000000000000000
fg5cf1cC3wk 0.951219512195122  0.985691573926868  0.975096353394604  0.879640774002407  0.642932893899594  0.255838386167885  0.000000000000000
fg5cf1cC4wk 0.951219512195122  0.986466165413534  0.976585014409222  0.898209606986900  0.706261510128913  0.270050627483962  0.000000000000000
fg5cf1cb1f1wk 0.910447761194030  0.983009708737864  0.976715686274510  0.901771925546615  0.717835002844114  0.269870068291526  0.000000000000000
fg5cf1cb1f2wk 0.868852459016393  0.984025559105431  0.977847276518113  0.901125854443104  0.716856807556898  0.269859516790461  0.000000000000000
fg5cf1cb1f3wk 0.951219512195122  0.986466165413534  0.977772349780166  0.901125854443104  0.718569275881730  0.270050627483962  0.000000000000000
fg5cf1cb1t1wk 0.918128654970760  0.582908163265306  0.317641977974520  0.220116825758655  0.063837105317466  0.038242420978946  0.000000000000000
fg5cf1cb1t2wk 0.948979591836735  0.660854893138358  0.307999003239472  0.279462617751103  0.127529170406462  0.058300046992481  0.000000000000000
fg5cf1cb1t3wk 0.951219512195122  0.985691573926868  0.975096353394604  0.879640774002407  0.642932893899594  0.255838386167885  0.000000000000000
fg5cf1cb2f1wk 0.851485148514851  0.939349112426035  0.960697305863708  0.898865784499055  0.723266592946380  0.271612659836391  0.000000000000000
fg5cf1cb2f2wk 0.892523364485981  0.944920440636475  0.963438459391571  0.898609584786660  0.722784526741213  0.271142659897404  0.000000000000000
fg5cf1cb2f3wk 0.951219512195122  0.985691573926868  0.975096353394604  0.901125854443104  0.728210380886592  0.270050627483962  0.000000000000000
fg5cf1cb2t1wk 0.800000000000000  0.757687576875769  0.466533647741701  0.263617713638936  0.072583698415274  0.038435150613504  0.000000000000000
fg5cf1cb2t2wk 0.848214285714286  0.741983594332588  0.451383067896060  0.258429662813487  0.123571266368935  0.049318524443897  0.000000000000000
fg5cf1cb2t3wk 0.951219512195122  0.985691573926868  0.975096353394604  0.879640774002407  0.642932893899594  0.255838386167885  0.000000000000000
fg5cf1cb3f1wk 0.887218045112782  0.859716859716860  0.915182987141444  0.868774878372402  0.723524287971478  0.272317058950322  0.000000000000000
fg5cf1cb3f2wk 0.876404494382023  0.897984886649874  0.924748709589785  0.883140689444473  0.724537654156422  0.272195180535637  0.000000000000000
fg5cf1cb3f3wk 0.951219512195122  0.985691573926868  0.975096353394604  0.889224033081975  0.727521187202570  0.270050627483962  0.000000000000000
fg5cf1cb3t1wk 0.787878787878788  0.572614107883817  0.491095024704125  0.378094849843729  0.063600339654684  0.040762120882805  0.000000000000000
fg5cf1cb3t2wk 0.780898876404494  0.550710900473934  0.524009766684753  0.438452228392425  0.107868672046955  0.048245824726586  0.000000000000000
fg5cf1cb3t3wk 0.951219512195122  0.985691573926868  0.975096353394604  0.879640774002407  0.642932893899594  0.255838386167885  0.000000000000000
fg5cf1cb4f1wk 0.978835978835979  0.922369765066394  0.760172413793103  0.664839015541905  0.679869782809387  0.275404754261552  0.000000000000000
fg5cf1cb4f2wk 0.970588235294118  0.924200913242009  0.804094210873872  0.752987312572088  0.692131879951186  0.275858820729694  0.000000000000000
fg5cf1cb4f3wk 0.951219512195122  0.985691573926868  0.975096353394604  0.879640774002407  0.709691935815676  0.270050627483962  0.000000000000000
fg5cf1cb4t1wk 0.544000000000000  0.323556370302475  0.253614272531529  0.622741211258351  0.197759093467957  0.037579855303198  0.000000000000000
fg5cf1cb4t2wk 0.720000000000000  0.447626841243863  0.327721335268505  0.680788658953886  0.205007720789679  0.051773725297201  0.000000000000000
fg5cf1cb4t3wk 0.951219512195122  0.985691573926868  0.975096353394604  0.879640774002407  0.642932893899594  0.255838386167885  0.000000000000000
fg5cf1cb5f1wk 0.979729729729730  0.935412026726058  0.866177818515124  0.685016963992558  0.394805657910377  0.273981512818343  0.000000000000000
fg5cf1cb5f2wk 0.981818181818182  0.943378995433790  0.857662573897226  0.696092717476024  0.427485183942749  0.275858820729694  0.000000000000000
fg5cf1cb5f3wk 0.951219512195122  0.985691573926868  0.975096353394604  0.879640774002407  0.642932893899594  0.272412877648183  0.000000000000000
fg5cf1cb5t1wk 0.603305785123967  0.402677651905252  0.277058661525750  0.232313278008299  0.488019539884835  0.048139810678957  0.000000000000000
fg5cf1cb5t2wk 0.598484848484849  0.418451400329489  0.306527066161729  0.299056890781868  0.593258762860915  0.058542413381123  0.000000000000000
fg5cf1cb5t3wk 0.951219512195122  0.985691573926868  0.975096353394604  0.879640774002407  0.655077031399306  0.255838386167885  0.000000000000000
fg5cf1cb6f1wk 1.000000000000000  0.985981308411215  0.966712898751734  0.683671008200675  0.474469349400254  0.076533622999929  0.000000000000000
fg5cf1cb6f2wk 0.970149253731343  0.986784140969163  0.966055872634425  0.786722350230415  0.597721967318683  0.085441015339664  0.000000000000000
fg5cf1cb6f3wk 0.951219512195122  0.986466165413534  0.975096353394604  0.879640774002407  0.642932893899594  0.255838386167885  0.000000000000000
fg5cf1cb6t1wk 0.895833333333333  0.654794520547945  0.424764068507515  0.259377494014365  0.263488610960063  0.305117436125533  0.000000000000000
fg5cf1cb6t2wk 0.849162011173184  0.634074074074074  0.394196891191710  0.316957381765869  0.287281005641889  0.278573529512357  0.000000000000000
fg5cf1cb6t3wk 0.951219512195122  0.985691573926868  0.975096353394604  0.879640774002407  0.642932893899594  0.269499168796368  0.000000000000000
fg5cf1cb7f1wk 0.948051948051948  0.980569948186529  0.972368421052632  0.847839965950202  0.757512476551163  0.283346066375036  0.000000000000000
fg5cf1cb7f2wk 0.967105263157895  0.989280245022971  0.975214723926380  0.871321898565725  0.730012884880260  0.263675807599742  0.000000000000000
fg5cf1cb7f3wk 0.970149253731343  0.991896272285251  0.979721803251215  0.898110002123593  0.723113098450389  0.269516988907449  0.000000000000000
fg5cf1cb7t1wk 0.577319587628866  0.513172966781214  0.469744597249509  0.430255688709912  0.250776771993584  0.091937018812270  0.000000000000000
fg5cf1cb7t2wk 0.812080536912752  0.608372093023256  0.525868973250040  0.407011317859198  0.232679063360882  0.085502699833354  0.000000000000000
fg5cf1cb7t3wk 0.951219512195122  0.985691573926868  0.975096353394604  0.879640774002407  0.642932893899594  0.255838386167885  0.000000000000000
fg5cf1cb15f1wk 0.978165938864629  0.924547283702213  0.854733218588640  0.686710254412412  0.394996320824135  0.273860413933212  0.000000000000000
fg5cf1cb15f2wk 0.942857142857143  0.883698760724499  0.820143884892086  0.696960905200551  0.435612423603417  0.275858820729694  0.000000000000000
fg5cf1cb15f3wk 0.951219512195122  0.985691573926868  0.975096353394604  0.879640774002407  0.642932893899594  0.270050627483962  0.000000000000000
fg5cf1cb15t1wk 0.946784922394678  0.530879600748596  0.267667560321716  0.207731197709275  0.474198823311249  0.044962628464653  0.000000000000000
fg5cf1cb15t2wk 0.956435643564356  0.568228105906314  0.287138461538462  0.240690448791715  0.523261210046986  0.047206185049450  0.000000000000000
fg5cf1cb15t3wk 0.951219512195122  0.985691573926868  0.975096353394604  0.879640774002407  0.664258748715190  0.255838386167885  0.000000000000000
fg5cf1cb56f1wk 0.977142857142857  0.930204572803851  0.867760770080480  0.678558663937356  0.249546966395229  0.074800524163274  0.000000000000000
fg5cf1cb56f2wk 0.986111111111111  0.943270300333704  0.854763749031758  0.663823349534876  0.261782635131975  0.074540231185106  0.000000000000000
fg5cf1cb56f3wk 0.951219512195122  0.985691573926868  0.975096353394604  0.879640774002407  0.642932893899594  0.255838386167885  0.000000000000000
fg5cf1cb56t1wk 0.853754940711462  0.576581576026637  0.372738559772969  0.297434143003763  0.620685705558949  0.294957146133119  0.000000000000000
fg5cf1cb56t2wk 0.656862745098039  0.549275362318841  0.405511811023622  0.458701721731038  0.654432565487343  0.271090748045294  0.000000000000000
fg5cf1cb56t3wk 0.951219512195122  0.985691573926868  0.975096353394604  0.879640774002407  0.671173492049391  0.272412877648183  0.000000000000000
fg5cf1cb67f1wk 0.953125000000000  0.961995249406176  0.935043845404352  0.703314326443336  0.612303206997085  0.049217297720380  0.000000000000000
fg5cf1cb67f2wk 0.958677685950413  0.965760322255791  0.941915227629513  0.697373905794081  0.596405460778546  0.053610469473050  0.000000000000000
fg5cf1cb67f3wk 0.969387755102041  0.986466165413534  0.975096353394604  0.879640774002407  0.658361161058310  0.255838386167885  0.000000000000000
fg5cf1cb67t1wk 0.807692307692308  0.590277777777778  0.495918012853917  0.435332323013639  0.361525955994466  0.291198657546852  0.000000000000000
fg5cf1cb67t2wk 0.843137254901961  0.678134556574923  0.576231987190891  0.457106448823556  0.394552296756466  0.291249941178813  0.000000000000000
fg5cf1cb67t3wk 0.951219512195122  0.985691573926868  0.975096353394604  0.879640774002407  0.642932893899594  0.275858820729694  0.000000000000000
fg5cf1cb567f1wk 0.958333333333333  0.952071005917160  0.877142027301772  0.702915062465624  0.185285273244858  0.044496246271982  0.000000000000000
fg5cf1cb567f2wk 0.981981981981982  0.957462686567164  0.919913885898816  0.715094985903618  0.225650157362929  0.047892574558734  0.000000000000000
fg5cf1cb567f3wk 0.957446808510638  0.985691573926868  0.975096353394604  0.879640774002407  0.642932893899594  0.255838386167885  0.000000000000000
fg5cf1cb567t1wk 0.570512820512820  0.435692921236291  0.393577981651376  0.606983796076945  0.705595599393020  0.278232506021303  0.000000000000000
fg5cf1cb567t2wk 0.759803921568627  0.547957371225577  0.473463687150838  0.699557242251739  0.715722852957334  0.279900977231737  0.000000000000000
fg5cf1cb567t3wk 0.951219512195122  0.985691573926868  0.975096353394604  0.879640774002407  0.713180669372750  0.270050627483962  0.000000000000000
