dreps -0.155555555555556   0.016727488001979   0.070991549579567   0.053526454701913   0.014659672102170  -0.025004052915003   0.168826617030933
ureps4wk  0.046004370622824   0.021761543598331   0.066297728427826   0.058933539151872   0.012720140935867  -0.025004052915003   0.171233229911016
ereps4wk -0.022222222222222   0.009802493673349   0.098213790215536   0.067185872761607   0.013939706702911  -0.024222506801613   0.168713262772667
rreps4wk -0.155555555555556   0.026597884393983   0.081447455600118   0.063414590689309   0.012127429992603  -0.046221261757397   0.167691178373996
ureps0  0.389249472080761   0.142389002696985   0.006631431486132   0.005485029959548   0.000664419994982   0.000434754246624   0.001461008235545
ureps1wk  0.066666666666667   0.117983002941070   0.016530624417519   0.056596412320676  -0.020590140710495  -0.010805094189878   0.117784087819510
ureps2wk  0.134839972492648   0.094233415323707   0.042570381377303   0.053526454701913  -0.011166579980035  -0.007645711353991   0.153621873533316
ureps3wk  0.092008741245647   0.076412299553475   0.050266580513095   0.060046563018458   0.004365572851755  -0.016199079494706   0.164080193275702
urepsB0  0.430331482911935   0.142112062940809   0.008135093415699   0.012450372602422   0.000339932554038   0.000651337886368   0.001037533650956
urepsB1wk  0.111111111111111   0.141775639743923   0.023824301058882   0.057892011313570  -0.019469366866781  -0.009341392659870   0.117092667027843
urepsB2wk  0.022222222222222   0.139747446971938   0.027865039829233   0.053526454701913  -0.011749243539087  -0.007753183015886   0.153617058503428
urepsB3wk  0.092008741245647   0.058742672224610   0.053031811794673   0.053526454701913   0.004044126022419  -0.016785914702032   0.163708517591399
urepsC0  0.138409133089567   0.239996719646763  -0.015908620475469   0.005881461775056  -0.000739634437857   0.000516748692322   0.002000935030120
urepsC1wk  0.000000000000000   0.136619236402926  -0.034741404194070   0.024290842164262  -0.015492814401443  -0.010819371471310   0.132230557724270
urepsC2wk  0.111111111111111   0.114026139313283   0.020295949783424   0.049719346652284  -0.007493801457246   0.000522910443334   0.157615258341172
urepsC3wk  0.092008741245647   0.076412299553475   0.038365898725423   0.063414590689309   0.002246576513223  -0.024898986438135   0.171233229911016
ereps0  0.129749824026921   0.484079592782941   0.024554061177061   0.005432218948941   0.000345974798803   0.003826738196710   0.002771421471964
ereps1wk  0.022222222222222   0.234053190073028   0.034579604760984   0.040622995463344   0.004330152889897   0.042593551000844   0.107252888728597
ereps2wk  0.089893314995099   0.102378409696463   0.102882502283333   0.069415342865062   0.004365572851755   0.023201024956917   0.133368692970865
ereps3wk  0.092008741245647   0.076412299553475   0.106379725879310   0.076293666684683   0.011624543536985  -0.014508139976900   0.153494631042741
creps0 -1.000000000000000  -0.147393371223734  -1.000000000000000   0.013639693381113   0.001092285849997   0.000079623883128  -0.000064800004949
creps1wk  0.363930132121305   0.252734569170201   0.076323739502789   0.055981722089580   0.000234336608242  -0.002245089645446   0.023933029252863
creps2wk  0.184017482491294   0.083144592160354   0.108989285842426   0.088101935509161  -0.002266647813193  -0.065446133521908   0.155316169397397
creps3wk  0.000000000000000   0.026597884393983   0.066297728427826   0.072567432174230  -0.000997482571379  -0.051233375307881   0.171233229911016
rreps0  0.111111111111111   0.236691148459479   0.055506068948642   0.044626282042397  -0.063206223190046   0.000416976148322   0.001001367213822
rreps1wk -0.155555555555556   0.126392984262255   0.107707060595034   0.070389213291962  -0.057001930692950  -0.020164860983921   0.001264109004304
rreps2wk  0.022222222222222   0.081512201541678   0.177344647189717   0.096799201203992  -0.016340422719470  -0.065446133521908   0.145173883367841
rreps3wk -0.200000000000000   0.043099046566886   0.070991549579567   0.079982789178499   0.002246576513223  -0.051233375307881   0.171233229911016
rreps0d0 -1.000000000000000  -1.000000000000000  -1.000000000000000  -0.002710772194627  -0.001142207653687  -0.000344562819453   0.000024608022503
rreps0d1wk -0.089893314995099   0.031242393825897   0.074367216245495   0.013835144886028   0.001299940359926  -0.001405371820514   0.023810463142101
rreps0d2wk  0.022222222222222   0.081512201541678   0.177344647189717   0.096799201203992  -0.016340422719470  -0.065446133521908   0.145173883367841
rreps0d3wk -0.200000000000000   0.043099046566886   0.070991549579567   0.079982789178499   0.002246576513223  -0.051233375307881   0.171233229911016
rreps7m0  0.333333333333333   0.527142931693881   0.048670410641897   0.022822128331623  -0.009408242447235   0.000461868505437   0.000508606329707
rreps7m1wk -0.155555555555556   0.088461583773299   0.236629390834834   0.052446398098492  -0.022399746152284  -0.018044239837802   0.012824876015573
rreps7m2wk  0.200000000000000   0.105705683444341   0.395464708492806   0.102693816732986  -0.014222975790345  -0.065446133521908   0.146883033172051
rreps7m3wk -0.155555555555556   0.076412299553475   0.070991549579567   0.068852283188009   0.004696964652661  -0.051233375307881   0.168674206437592
lj1m0  0.066666666666667  -0.011315417256011   0.027811290644297   0.136853315180821   0.099625337010372   0.111086319578982   0.121859245729793
lj1m1wk  0.111111111111111  -0.037171717171717   0.013350151184311   0.140357599637542   0.113467400835935   0.086275858564729   0.122524000886015
lj1m2wk  0.155555555555556  -0.016365289506679   0.028188137992275   0.126872544803934   0.106705887656724   0.063258240815069   0.153550647135320
lj1m3wk -0.066666666666667   0.009802493673349   0.050266580513095   0.110356739682369   0.025880566087593   0.023201024956917   0.165065128595190
lj1u0  0.046004370622824  -0.004700425707690   0.043671007174242   0.097919679465973   0.007718051518850   0.040749257909844   0.169088793661493
lj1u1wk  0.000000000000000  -0.013074011255756   0.034123563793819   0.092871621691969  -0.000182056507242   0.041271276404474   0.155962174996355
lj1u2wk  0.111111111111111   0.021719520422728   0.082338688587715   0.061514166449772  -0.003243094521324   0.023201024956917   0.165405991311909
lj1u3wk -0.155555555555556   0.002459269413465   0.075061160230556   0.071251967602112  -0.000412551180517   0.002568316796188   0.176537710031425
lj2m0  0.066666666666667  -0.006263258947001   0.031770701526724   0.135532164487086   0.099779885990506   0.104210209593328   0.132388167892337
lj2m1wk -0.022222222222222   0.027070707070707   0.014721065928535   0.142770702906827   0.117550364139955   0.086746145591296   0.139911737209379
lj2m2wk  0.134839972492648   0.009802493673349   0.029717878664975   0.138413814845154   0.101741526848604   0.060972285738302   0.159595368273151
lj2m3wk -0.155555555555556   0.008300454020341   0.056336865258272   0.104072670632901   0.023020651686085   0.023201024956917   0.171407280504173
lj2u0  0.068199433947047  -0.020890561826423   0.026724670990775   0.076862713358929   0.007587086290693   0.037836841291282   0.194322754807667
lj2u1wk  0.022222222222222  -0.051787832396122   0.027954823579233   0.077828551341913  -0.000135391478886   0.038189837880934   0.177621857500345
lj2u2wk  0.111111111111111   0.009802493673349   0.064625938643284   0.046487607136452  -0.003830667651171   0.023489549193029   0.178753687376476
lj2u3wk -0.092008741245647   0.002459269413465   0.077478136444789   0.068954137796845   0.001643672972988   0.012149504643137   0.181236804337533
lj5m0  0.111111111111111  -0.019613795226303  -0.044960467406909   0.185295201821388   0.095269287896093   0.117587078944372   0.153430232944674
lj5m1wk  0.288888888888889   0.007684533756322  -0.041586614846206   0.175127276286070   0.108857160407294   0.085446994800562   0.170311449657411
lj5m2wk  0.155555555555556  -0.023862403352439   0.020789428835928   0.146572741757284   0.085582024183353   0.045179705925344   0.172248919876441
lj5m3wk -0.155555555555556   0.007438791708076   0.070991549579567   0.096799201203992   0.023020651686085   0.028633325223974   0.171887277062846
lj5u0  0.022222222222222  -0.032574645496039   0.038163413785533   0.031454225061210   0.018895377355847   0.038461360351220   0.229694618899574
lj5u1wk  0.111111111111111  -0.008940493318130   0.045801182971927   0.021173301702799   0.013511964659481   0.035582818027896   0.205908495923974
lj5u2wk  0.155555555555556   0.009802493673349   0.082984349435843   0.039190964039266   0.004365572851755   0.028633325223974   0.202462681315714
lj5u3wk -0.155555555555556   0.009802493673349   0.100631245608343   0.096799201203992   0.004365572851755  -0.010001734754113   0.177883371487666
lj1c0  0.066666666666667   0.093737373737374   0.059477261606247   0.335802825247348   0.188700439264529  -0.065676200216665   0.080368232272381
lj1c1wk  0.066666666666667   0.050722443474047   0.028690719410144   0.269284520664676   0.239953009555803  -0.070196973433018   0.092511103740254
lj1c2wk  0.111111111111111   0.023838383838384   0.026278278278278   0.236164913340113   0.030330672469519  -0.081934708511211   0.193323362969079
lj1c3wk -0.155555555555556   0.081512201541678   0.050266580513095   0.104041310822011   0.012127429992603  -0.030867225949219   0.187004971911674
lj2c0  0.111111111111111   0.016986864092923   0.052039674619185   0.325162508750395   0.216480829566749  -0.069660689757238   0.094208513277669
lj2c1wk  0.066666666666667   0.002424242424242   0.017947409050599   0.243842499315065   0.264676723810900  -0.074930099101733   0.104106945544298
lj2c2wk  0.066666666666667   0.017777777777778   0.031223723306880   0.245535075875872   0.042814771304008  -0.076998578889108   0.195494929679212
lj2c3wk -0.200000000000000   0.081512201541678   0.056336865258272   0.105286394363318   0.012127429992603  -0.028058725839876   0.186477249370511
lj5c0 -0.066666666666667   0.031322624456085   0.009817817817818   0.339191212070165   0.348752385442114  -0.091221945639296   0.142682502212632
lj5c1wk -0.022222222222222   0.035555555555556   0.021997997997998   0.326878562690700   0.381736648985052  -0.074178050857925   0.138911327362540
lj5c2wk  0.022222222222222   0.031919191919192   0.051259874194512   0.271065804221819   0.030083820885545  -0.076922775241732   0.193036273386076
lj5c3wk -0.200000000000000   0.075151515151515   0.062060122182336   0.102693816732986   0.012127429992603  -0.025004052915003   0.179483708575717
fg5uf1u0  0.111111111111111  -0.016776151712250   0.066528412918987   0.022283025353800  -0.022647630320819   0.065824455175530   0.209028550040462
fg5uf1u1wk  0.200000000000000   0.043438731406617   0.104182718813400   0.024157445212331  -0.033915064094266   0.049445852582407   0.192791813203795
fg5uf1u2wk  0.111111111111111   0.075376380142708   0.126013755572322   0.062494050599958  -0.010908310831631   0.026654996138037   0.194838228511705
fg5uf1u3wk -0.155555555555556   0.067279523527457   0.102042688161860   0.096799201203992  -0.000412551180517   0.008716103436265   0.181533320697385
fg5mf1u0  0.111111111111111   0.022222222222222  -0.003033339720164   0.167918261853903   0.113292802974124   0.114427300163765   0.176601354990878
fg5mf1u1wk  0.066666666666667  -0.007676767676768  -0.002174252527028   0.155245212489625   0.111833025231330   0.102158875861242   0.169379149841548
fg5mf1u2wk -0.022222222222222   0.002459269413465   0.039129559986733   0.123763083369174   0.085771513864939   0.061977623881370   0.172740829003694
fg5mf1u3wk -0.155555555555556   0.076412299553475   0.056905555858480   0.096799201203992   0.023020651686085   0.036042351644687   0.176322683576552
fg5uf1m0  0.022222222222222  -0.041180801552939  -0.057265852319917   0.095728662323987  -0.006060057729094   0.059171504591759   0.179113959731485
fg5uf1m1wk  0.066666666666667  -0.036393056786219  -0.035388269384108   0.066893980105600  -0.002673742977337   0.046999728214652   0.179117693794649
fg5uf1m2wk  0.155555555555556   0.009802493673349   0.056491695767988   0.073246878006117  -0.013239160836187   0.039763458318538   0.183836242112984
fg5uf1m3wk -0.092008741245647   0.028891807400680   0.079882264971681   0.099425289241723   0.002246576513223   0.017474713391822   0.171233229911016
fg2uf05m0  0.244444444444444  -0.012291237427768   0.106677346740342   0.142495592115211  -0.001880428721713   0.064210979965691   0.158264387237327
fg2uf05m1wk  0.200000000000000  -0.028473287190898   0.090647733154254   0.101536568848303  -0.019549541899713   0.059724451703202   0.155980317176657
fg2uf05m2wk  0.066666666666667   0.033151410987654   0.102823678781820   0.096799201203992  -0.008059396326516   0.041448739541072   0.171434422046069
fg2uf05m3wk -0.046004370622824   0.054830614468489   0.089584435856913   0.073246878006117  -0.000890298062981   0.023875862621608   0.171533542074513
fg8uf05m0 -0.066666666666667   0.014769415133184  -0.093615963396046   0.058926669381861  -0.000858325339787   0.047759741953969   0.140846383139010
fg8uf05m1wk  0.092008741245647  -0.056208860488999  -0.033952874471441   0.073925773991378  -0.024910400173284   0.031452927693975   0.146736881306135
fg8uf05m2wk  0.134839972492648  -0.025681138754659   0.091669025089378   0.122239708457064  -0.003427567966794   0.023201024956917   0.165111475890153
fg8uf05m3wk  0.000000000000000   0.024661415490816   0.107108528193718   0.096799201203992  -0.000412551180517  -0.009226941817262   0.166966966637181
fg5mf1m0 -0.244444444444444  -0.009696969696970  -0.108071260048290   0.104567545672840   0.107522063334074   0.056399833903751   0.118262171742755
fg5mf1m1wk -0.066666666666667   0.054141414141414  -0.077836202559076   0.007452635999946   0.127520350225084   0.064764756957244   0.142281732349127
fg5mf1m2wk -0.022222222222222   0.051717171717172  -0.027180777268262   0.093185967865198   0.097090039902070   0.054689804812160   0.165896546263351
fg5mf1m3wk -0.200000000000000   0.009802493673349   0.053839639346455   0.096799201203992   0.023020651686085   0.026415463439981   0.168409582281198
fg2uf05c0  0.155555555555556   0.041860496092451   0.094515355141722   0.121897330718397  -0.005509758363280   0.043797757132575   0.150273938947589
fg2uf05c1wk  0.200000000000000   0.079919161310159   0.087276799113403   0.127018741317150  -0.008816402225364   0.048228197701905   0.138543968208327
fg2uf05c2wk  0.138013111868471   0.043680507667517   0.105249695303547   0.086437699322279  -0.003427567966794   0.023410944908984   0.171178270556421
fg2uf05c3wk -0.119352479006572   0.092665309200914   0.096767641003647   0.082843734093328  -0.000412551180517   0.005167035732130   0.171233229911016
fg2uf05c0d0  0.066666666666667   0.038393100220617   0.077020752332752   0.088546172903900   0.011192710206433   0.031494113785412   0.147712077999512
fg2uf05c0d1wk  0.111111111111111   0.030333685880220   0.076562026060553   0.108914868175615   0.000162210928231   0.031019195233624   0.146728640369726
fg2uf05c0d2wk  0.138013111868471   0.004451644845187   0.093654817741161   0.073246878006117   0.004365572851755   0.023201024956917   0.170013107385972
fg2uf05c0d3wk -0.092008741245647   0.002459269413465   0.088034562249874   0.068954137796845   0.002246576513223   0.006019961456766   0.173488281031871
fg2uf05c7m0  0.066666666666667   0.078405957938720   0.088363265270291   0.115543009929790   0.001130207153453   0.037606887188557   0.151199595448426
fg2uf05c7m1wk  0.111111111111111   0.059326437411495   0.088455135044370   0.119089577919914  -0.001507435226259   0.033526317473436   0.136532579739428
fg2uf05c7m2wk  0.134839972492648   0.039802000405132   0.084386774733999   0.098259894014683  -0.000544470301285   0.018088975600014   0.168556649152681
fg2uf05c7m3wk -0.155555555555556   0.099989503802743   0.090637809311162   0.082226803975349   0.004365572851755   0.006181403369850   0.176840983099479
fg8uf05c0 -0.200000000000000  -0.051779973406026   0.123533512622771   0.119228914073461  -0.007430038202198   0.045113978226011   0.166205259853518
fg8uf05c1wk  0.022222222222222  -0.033555696487504   0.124077766584242   0.125583876044275  -0.030597155815025   0.026922997144862   0.146692003317364
fg8uf05c2wk -0.022222222222222  -0.019393939393939   0.127690357766678   0.154642868989126  -0.003427567966794   0.021690378373291   0.164193858432019
fg8uf05c3wk -0.269679944985297   0.047301403482385   0.123126348372775   0.105713542578258  -0.000412551180517   0.009819234493457   0.164602206706611
fg8uf05c0d0  0.000000000000000   0.059480901773780   0.071744258083409   0.086897679407727   0.024337883153488   0.028822747132901   0.176629058705248
fg8uf05c0d1wk  0.044946657497549   0.043957223572392   0.117482257013243   0.088672373079973  -0.011079573679001   0.028254103534689   0.155495214277090
fg8uf05c0d2wk  0.000000000000000   0.001415142373860   0.139742264452344   0.151470331018055  -0.001375960465058   0.011779595734571   0.163657356891762
fg8uf05c0d3wk -0.167093470609201   0.028704270489310   0.107632206152849   0.102693816732986   0.004365572851755   0.004341628926579   0.170398767613567
fg8uf05c7m0 -0.288888888888889  -0.031547033315429   0.116018783458450   0.118031409186279  -0.000676508085660   0.040988187404083   0.168139653568336
fg8uf05c7m1wk -0.111111111111111  -0.059341962320325   0.142370877974804   0.121962365383267  -0.015449110877206   0.026096114990917   0.148238032297768
fg8uf05c7m2wk  0.066666666666667  -0.018989898989899   0.148295048042625   0.204308555310833  -0.001018164692789   0.016887136050975   0.166338338841887
fg8uf05c7m3wk -0.269679944985297   0.072936660640877   0.119356335594036   0.104551792306387   0.002342877642689  -0.000104418213955   0.166246098996521
fg5mf1c0 -0.066666666666667  -0.006464646464646  -0.075666292543200   0.166964901807515   0.144262452179469   0.072777576218590   0.138998934969879
fg5mf1c1wk  0.022222222222222  -0.031720375957390  -0.018210465413716   0.165759685656631   0.137954930763023   0.040491687482379   0.131636051918038
fg5mf1c2wk  0.022222222222222  -0.016161616161616   0.017823948716795   0.153048660075567   0.101396963707733   0.035819540078587   0.163653565883955
fg5mf1c3wk -0.138013111868471   0.031515151515152   0.049666072811912   0.102693816732986   0.023020651686085   0.021586802443643   0.169533871425028
fg5mf1c0d0  0.155555555555556   0.046060606060606   0.052555183007921   0.179083227801779   0.106088643310155   0.087403162596282   0.159072131381290
fg5mf1c0d1wk  0.022222222222222   0.012929292929293   0.046083632208651   0.223891926066664   0.112536616969267   0.077149602474738   0.146466917093393
fg5mf1c0d2wk  0.111111111111111   0.010101010101010   0.065799550231599   0.181221700238074   0.114287695230487   0.056990362810802   0.163541733488769
fg5mf1c0d3wk -0.155555555555556   0.074792817472147   0.066297728427826   0.092296207831388   0.023020651686085   0.028113247814344   0.171233229911016
fg2cf05c0  0.200000000000000   0.019393939393939   0.055952175985137   0.339467118957728   0.220920225333502  -0.072262687111807   0.085337867287520
fg2cf05c1wk  0.066666666666667   0.033939393939394   0.022282282282282   0.251989168515570   0.234307862749506  -0.076152437561967   0.108722085691864
fg2cf05c2wk -0.066666666666667   0.015353535353535   0.027159539775997   0.247815218657552   0.030083820885545  -0.068992141626294   0.195031435877984
fg2cf05c3wk -0.155555555555556   0.066067279860296   0.050266580513095   0.102693816732986   0.011624543536985  -0.025004052915003   0.186699256119373
fg8cf05c0 -0.200000000000000   0.041362805887436  -0.052417777409201   0.234932316808599   0.284922850197841  -0.097911544360142   0.127297882142478
fg8cf05c1wk  0.111111111111111  -0.053776264355342  -0.070621681014182   0.227934018686054   0.051116621345049  -0.082513397928726   0.140721206435161
fg8cf05c2wk  0.022222222222222  -0.025454545454545   0.000104112858707   0.179747209541901   0.004365572851755  -0.089054088957387   0.183537927297952
fg8cf05c3wk -0.269679944985297   0.002459269413465   0.050266580513095   0.096799201203992   0.011624543536985  -0.025004052915003   0.170887288681761
fg5cf1cA0 -0.066666666666667  -0.073131313131313  -0.016540540540541   0.367446180374360   0.234779542187880  -0.085902130149257   0.123000269126132
fg5cf1cA1wk -0.155555555555556  -0.035959595959596  -0.030534534534535   0.301677106907294   0.260767677890497  -0.083197604719934   0.135937102291998
fg5cf1cA2wk  0.111111111111111  -0.009696969696970   0.043601369171077   0.278039381732876   0.030083820885545  -0.066766737323021   0.192883002640990
fg5cf1cA3wk -0.269679944985297   0.002459269413465   0.058521047739542   0.102693816732986   0.012127429992603  -0.025004052915003   0.175729382772855
fg5cf1cB0  0.066666666666667  -0.084848484848485  -0.005681681681682   0.369417936814445   0.247472514054579  -0.085034113527611   0.122799542830361
fg5cf1cB1wk  0.066666666666667  -0.042630568961842  -0.010504515019540   0.324954593877538   0.255325757604958  -0.081208660498805   0.137523586149017
fg5cf1cB2wk -0.111111111111111   0.005455096502226   0.029946725350342   0.258379046215901   0.030083820885545  -0.072164236630922   0.192775212059390
fg5cf1cB3wk -0.179786629990198   0.042424242424242   0.056336865258272   0.102693816732986   0.012127429992603  -0.025004052915003   0.175956629388613
fg5cf1cC0  0.066666666666667  -0.063238711303586   0.011817829647483   0.365479125271688   0.235269822797205  -0.085605608052149   0.121737101212658
fg5cf1cC1wk -0.066666666666667  -0.004242852835065  -0.015249264513786   0.287089675710668   0.258650330807800  -0.081153302189540   0.136379837463737
fg5cf1cC2wk  0.046004370622824  -0.020202020202020   0.040248248248248   0.278186688538704   0.030083820885545  -0.066669163179934   0.192770019084836
fg5cf1cC3wk -0.200000000000000   0.028282828282828   0.051894170234390   0.102693816732986   0.012127429992603  -0.025004052915003   0.175937302750077
fg5cf1cb1f1wk  0.025197631533948   0.036701788357533   0.067714377451433   0.049702314880900   0.013202037000764  -0.025473075943979   0.167325810501907
fg5cf1cb1f2wk -0.134839972492648   0.016935787900801   0.071998793092170   0.049173260362925   0.013471036486252  -0.025667612960549   0.167470943386675
fg5cf1cb1f3wk -0.119352479006572   0.026597884393983   0.076886126715079   0.053526454701913   0.012720140935867  -0.025004052915003   0.167349669742738
fg5cf1cb1t1wk -0.134839972492648   0.027070707070707   0.001855857713572   0.365873561054277   0.320621877380729  -0.080236362475769   0.121945232442471
fg5cf1cb1t2wk -0.111111111111111   0.033946252461024   0.021213213213213   0.254978843851512   0.126186855614754  -0.066920613928821   0.191509270595788
fg5cf1cb1t3wk -0.269679944985297   0.026597884393983   0.050266580513095   0.102693816732986   0.012127429992603  -0.025004052915003   0.176497630868712
fg5cf1cb2f1wk -0.046004370622824   0.068546287673407   0.080962856047277   0.051922951480559   0.012497443206037  -0.026218836092618   0.168515279669860
fg5cf1cb2f2wk  0.022222222222222   0.081358466648920   0.086914686952024   0.054400050210847   0.013667926374148  -0.025104815481025   0.168583064008993
fg5cf1cb2f3wk -0.155555555555556   0.060703804840351   0.070991549579567   0.053526454701913   0.014814612575952  -0.025004052915003   0.168810334124129
fg5cf1cb2t1wk  0.022222222222222   0.023852844491117  -0.017461461461461   0.248597647784465   0.326127115572331  -0.071003204361245   0.115000185013316
fg5cf1cb2t2wk  0.138013111868471   0.050505050505051   0.037606859285998   0.279884493802991   0.182379811581321  -0.065446133521908   0.191997864910581
fg5cf1cb2t3wk -0.200000000000000   0.076412299553475   0.050266580513095   0.102693816732986   0.012127429992603  -0.025004052915003   0.175305033177495
fg5cf1cb3f1wk -0.092008741245647   0.107924396874752   0.120462610694883   0.058632577695978   0.017469374011906  -0.027576794016773   0.168322274748223
fg5cf1cb3f2wk -0.155555555555556   0.069742056818786   0.107108528193718   0.053526454701913   0.015849336749691  -0.026205664155380   0.168602280160282
fg5cf1cb3f3wk -0.200000000000000   0.045352874165752   0.094734714613681   0.055413701899060   0.014620476478476  -0.025004052915003   0.168618054557345
fg5cf1cb3t1wk -0.066666666666667  -0.000606121833581   0.001671770407775   0.242731888044534   0.365420754205854  -0.047640399706190   0.112308987896265
fg5cf1cb3t2wk -0.111111111111111  -0.023862403352439   0.037872440531404   0.222472053908015   0.350186939386698  -0.046499328502776   0.184060601687625
fg5cf1cb3t3wk -0.200000000000000   0.009696969696970   0.050266580513095   0.102693816732986   0.013939706702911  -0.025004052915003   0.175325788707714
fg5cf1cb4f1wk -0.022222222222222   0.023300678006298   0.093390433556642   0.146396077890018   0.013726433366731  -0.022752642298517   0.163145032652715
fg5cf1cb4f2wk -0.066666666666667   0.029705972871255   0.107108528193718   0.132545829280692   0.016142250339669  -0.029802348644631   0.166075248367883
fg5cf1cb4f3wk -0.200000000000000   0.017842779010267   0.091955369573568   0.096799201203992   0.013939706702911  -0.035646875768919   0.168509368125998
fg5cf1cb4t1wk -0.111111111111111  -0.012326968334330   0.050989476698066   0.111111201928511   0.213829068819595  -0.083280969433304   0.117777298961857
fg5cf1cb4t2wk -0.200000000000000   0.023838383838384   0.096682229157212   0.096799201203992   0.072637147555408  -0.043756947406900   0.188121549849382
fg5cf1cb4t3wk -0.269679944985297   0.064242424242424   0.066297728427826   0.067185872761607   0.011624543536985  -0.025004052915003   0.173946990269853
fg5cf1cb5f1wk -0.111111111111111  -0.078185403726331   0.157380543202837   0.073593170201097   0.035678561604438   0.000739728968758   0.157172408113218
fg5cf1cb5f2wk -0.046004370622824  -0.042346449594054   0.127690357766678   0.078226581093664   0.023020651686085  -0.002643276912908   0.155900741549814
fg5cf1cb5f3wk -0.155555555555556   0.002459269413465   0.065336023278228   0.086202154349474   0.022012486519019  -0.017518722818990   0.160223879078806
fg5cf1cb5t1wk -0.022222222222222  -0.038224313262507  -0.007613926103480   0.378292191562052   0.292039201067646  -0.098291674893420   0.140470083225569
fg5cf1cb5t2wk  0.046004370622824  -0.023862403352439   0.049986386278970   0.273913438685319   0.030083820885545  -0.065446133521908   0.198956365670128
fg5cf1cb5t3wk -0.230021853114118   0.026597884393983   0.056336865258272   0.110356739682369   0.011624543536985  -0.025004052915003   0.180538026754389
fg5cf1cb6f1wk -0.066666666666667   0.009407592104103   0.115235852674529   0.029372507717635  -0.072311754083453   0.074066918349642   0.142899661681769
fg5cf1cb6f2wk -0.176383420737639   0.021256296226048   0.096233648306943   0.004838993065522  -0.032098866619250   0.058938234615511   0.149429259895530
fg5cf1cb6f3wk -0.092008741245647   0.036881374353471   0.069865987755993   0.046495405077207  -0.003427567966794   0.026419708275706   0.150840006265566
fg5cf1cb6t1wk  0.022222222222222  -0.016969696969697  -0.022059523140461   0.163680424700014   0.456457634411266  -0.115888180383414   0.167923515758084
fg5cf1cb6t2wk  0.046004370622824   0.023448558991268   0.018419930426717   0.182997703251407   0.442334731508873  -0.082584449067984   0.189686011822799
fg5cf1cb6t3wk -0.269679944985297   0.009802493673349   0.050266580513095   0.102693816732986   0.030083820885545  -0.049001864147212   0.186726793757100
fg5cf1cb7f1wk -0.404519917477945   0.009294807221471   0.047590850719247   0.024012962164645   0.224478942109750  -0.102566908813578   0.198134031768856
fg5cf1cb7f2wk -0.200000000000000   0.002459269413465   0.062270884915980   0.046873510409138   0.060101930988761  -0.057147032799184   0.207884722649221
fg5cf1cb7f3wk -0.200000000000000   0.009802493673349   0.066297728427826   0.060046563018458   0.011624543536985  -0.046221261757397   0.191197037397332
fg5cf1cb7t1wk  0.022222222222222   0.001620752062134   0.023796411692897   0.178401844332311   0.010434481702924   0.022258468961544   0.139286097440332
fg5cf1cb7t2wk  0.138013111868471   0.008110354095576   0.055679709471821   0.152257686696537   0.007065306422031   0.028633325223974   0.138361219341630
fg5cf1cb7t3wk  0.071611487403943   0.012950239549635   0.053404132530800   0.110356739682369   0.011624543536985   0.022615340321205   0.147951421900484
fg5cf1cb15f1wk -0.111111111111111  -0.061411000136246   0.139223220377193   0.078293119104672   0.033273672593933   0.001106570140025   0.157228380695379
fg5cf1cb15f2wk  0.066666666666667  -0.016058851170681   0.107108528193718   0.079408142937565   0.028690258034801  -0.003734798003084   0.155832525382505
fg5cf1cb15f3wk  0.000000000000000  -0.004866212457345   0.066266150699929   0.077447550672377   0.020963260400639  -0.010001734754113   0.159783696882005
fg5cf1cb15t1wk  0.111111111111111   0.000606244344311   0.006644751067297   0.379040338967216   0.319340276544784  -0.102412929962461   0.141326511543384
fg5cf1cb15t2wk  0.066666666666667   0.041212121212121   0.036883953603784   0.311125003905128   0.036922798342451  -0.065446133521908   0.197779591820331
fg5cf1cb15t3wk -0.262575453814459   0.081512201541678   0.063442012993683   0.110356739682369   0.007065306422031  -0.025004052915003   0.181657540038649
fg5cf1cb56f1wk -0.022222222222222  -0.034846169335873  -0.026195457225930   0.094157411158819  -0.040659168501599   0.061195718458516   0.133631252688911
fg5cf1cb56f2wk  0.046004370622824  -0.040795608547532  -0.011625117475223   0.085554453286210  -0.027921702943263   0.051318931433559   0.137329241081479
fg5cf1cb56f3wk -0.108866210790363   0.002459269413465   0.058957686816941   0.096799201203992   0.011631477329717   0.028633325223974   0.147951421900484
fg5cf1cb56t1wk -0.022222222222222  -0.008082441062149   0.014949419921585   0.249071480467824   0.426277745739043  -0.125323758150089   0.172871299563678
fg5cf1cb56t2wk -0.111111111111111   0.002459269413465   0.061056123992820   0.273397260787979   0.394653039611331  -0.095123585389498   0.191693984788061
fg5cf1cb56t3wk -0.200000000000000   0.042630568961842   0.060303680781561   0.110356739682369   0.023020651686085  -0.046221261757397   0.192196527659553
fg5cf1cb67f1wk -0.322030594359765   0.001619765102500   0.200432575593396   0.147236739346212   0.048998093526031  -0.043342934644469   0.168191659782390
fg5cf1cb67f2wk -0.333333333333333   0.007291902938207   0.089044717008328   0.074447573421737   0.056834749968391  -0.009307009064577   0.185312830347022
fg5cf1cb67f3wk -0.200000000000000   0.009802493673349   0.119356335594036   0.071251967602112   0.011624543536985  -0.025004052915003   0.177708405936981
fg5cf1cb67t1wk  0.155555555555556   0.033973728185847   0.063101429450320   0.155348452168576   0.053841814311519  -0.022131795086095   0.155643301874999
fg5cf1cb67t2wk  0.066666666666667   0.013588991787270   0.108869627728562   0.144605515391667   0.038068901298133  -0.023568887874340   0.155611527567401
fg5cf1cb67t3wk  0.046004370622824   0.016171419993978   0.056336865258272   0.108436711660943   0.018139304803785  -0.037723870935920   0.163486960083174
fg5cf1cb567f1wk -0.359573259980396  -0.014949494949495   0.070336603035663   0.083394015252857   0.298293811608908  -0.056020187403258   0.108149701457531
fg5cf1cb567f2wk -0.200000000000000   0.005051015279839   0.084741215761510   0.086202154349474   0.105808386605431  -0.026440140938686   0.176975727624080
fg5cf1cb567f3wk -0.200000000000000  -0.013294777222651   0.107108528193718   0.072170736877360   0.011624543536985  -0.013015780867600   0.173913766396685
fg5cf1cb567t1wk -0.022222222222222   0.065676470633726   0.107034988736138   0.142665154699525   0.027022732631321  -0.037804665950891   0.166772882467911
fg5cf1cb567t2wk  0.000000000000000   0.062044208831154   0.091678131341659   0.120622898924699   0.023020651686085  -0.040995512152793   0.168059480592943
fg5cf1cb567t3wk -0.089893314995099   0.059454024325232   0.106224590682779   0.102693816732986   0.013939706702911  -0.035408108727607   0.167814704508151
