creps0 0.500000000000000  0.011494252873563  0.001000000000000  0.000100000000000  0.000010030995777  0.894208000000000  0.953888288549179
creps1wk 0.500000000000000  0.010204081632653  0.001000000000000  0.000100000000000  0.000010708357873  0.900516000000000  0.955632253838447
creps2wk 0.500000000000000  0.010000000000000  0.001009081735621  0.000105485232068  0.080375553019839  0.892460000000000  0.955476396790868
creps3wk 0.400000000000000  0.040000000000000  0.038000000000000  0.254200000000000  0.437020000000000  0.877386597373575  0.955096267539417
creps4wk 0.400000000000000  0.065000000000000  0.051000000000000  0.254200000000000  0.565444385528409  0.824240824240824  0.935482790487452
dreps 0.400000000000000  0.120000000000000  0.096000000000000  0.248200000000000  0.571332751314865  0.824240824240824  0.935482790487452
ereps0 0.500000000000000  0.130000000000000  0.037000000000000  0.156400000000000  0.329450000000000  0.805956000000000  0.918272765269367
ereps1wk 0.300000000000000  0.620000000000000  0.168000000000000  0.141700000000000  0.345520000000000  0.798714000000000  0.924032295431161
ereps2wk 0.300000000000000  0.560000000000000  0.087000000000000  0.111300000000000  0.368464215705885  0.785240184726919  0.932128287155223
ereps3wk 0.300000000000000  0.360000000000000  0.051000000000000  0.232300000000000  0.419520000000000  0.790054000000000  0.924657084083429
ereps4wk 0.400000000000000  0.120000000000000  0.049000000000000  0.248200000000000  0.554330000000000  0.798087625973964  0.926945064600046
rreps0 0.600000000000000  0.700000000000000  0.228632478632479  0.251814628699051  0.001350507714457  0.872610636556635  0.956861078990530
rreps1wk 0.800000000000000  0.630000000000000  0.324000000000000  0.248881614839062  0.001260539807635  0.874696624089872  0.956859076524178
rreps2wk 0.800000000000000  0.590000000000000  0.403000000000000  0.265089514066496  0.001798963890630  0.870489000000000  0.955885582453651
rreps3wk 0.400000000000000  0.200000000000000  0.143750000000000  0.273600000000000  0.436980000000000  0.882928551284949  0.955096652971422
rreps4wk 0.150000000000000  0.110000000000000  0.094000000000000  0.273600000000000  0.565340648358708  0.824241648483297  0.935482764451335
rreps7m0 0.700000000000000  0.460000000000000  0.189890710382514  0.248682076236821  0.029864783984170  0.867442469769879  0.956368096542919
rreps7m1wk 0.800000000000000  0.700000000000000  0.253507014028056  0.266590979461245  0.007990000000000  0.870563000000000  0.956332816699692
rreps7m2wk 0.750000000000000  0.520000000000000  0.360000000000000  0.250400000000000  0.076092827848354  0.883661899903010  0.955472342740782
rreps7m3wk 0.150000000000000  0.190000000000000  0.147000000000000  0.273600000000000  0.436980000000000  0.873854486201173  0.955096652971422
rreps7m4wk 0.300000000000000  0.110000000000000  0.094000000000000  0.273600000000000  0.565340648358708  0.824241648483297  0.935482764451335
ureps0 0.600000000000000  0.000000000000000  0.019000000000000  0.000000000000000  0.361090000000000  0.790905790905791  0.920468195120153
ureps1wk 0.700000000000000  0.000000000000000  0.019000000000000  0.002100000000000  0.363050000000000  0.799903594504887  0.928075767473346
ureps2wk 0.600000000000000  0.010000000000000  0.027000000000000  0.009900000000000  0.397330000000000  0.794553493979298  0.933419196517372
ureps3wk 0.150000000000000  0.020000000000000  0.029000000000000  0.231600000000000  0.422492674780243  0.793741000000000  0.925941789177964
ureps4wk 0.300000000000000  0.040000000000000  0.047000000000000  0.248200000000000  0.554340000000000  0.809546027528107  0.926945033976763
fg5cf1cA0 0.600000000000000  0.580000000000000  0.600000000000000  0.730600000000000  0.124032543955258  0.860465309729912  0.954393402534697
fg5cf1cA1wk 0.700000000000000  0.500000000000000  0.577000000000000  0.747200000000000  0.114596196591751  0.867370000000000  0.955072154632836
fg5cf1cA2wk 0.600000000000000  0.560000000000000  0.607000000000000  0.693200000000000  0.171900000000000  0.868779000000000  0.950995028772231
fg5cf1cA3wk 0.400000000000000  0.250000000000000  0.190000000000000  0.323300000000000  0.500850000000000  0.859334000000000  0.939948885971649
fg5cf1cB0 0.700000000000000  0.530000000000000  0.601000000000000  0.728100000000000  0.123554345540467  0.860787801726065  0.954367279286306
fg5cf1cB1wk 0.650000000000000  0.560000000000000  0.584000000000000  0.759400000000000  0.126013309134906  0.861596920616339  0.955096252404555
fg5cf1cB2wk 0.700000000000000  0.600000000000000  0.596000000000000  0.656600000000000  0.171000000000000  0.866831791285747  0.951426865201710
fg5cf1cB3wk 0.400000000000000  0.200000000000000  0.190000000000000  0.323300000000000  0.500850000000000  0.858671000000000  0.940024753943621
fg5cf1cC0 0.800000000000000  0.570000000000000  0.600000000000000  0.713300000000000  0.124234248180994  0.863012000000000  0.954559069348773
fg5cf1cC1wk 0.600000000000000  0.520000000000000  0.574000000000000  0.755400000000000  0.113315665783289  0.866856000000000  0.955008197629161
fg5cf1cC2wk 0.600000000000000  0.590000000000000  0.610000000000000  0.667000000000000  0.175610000000000  0.867038000000000  0.951468379739545
fg5cf1cC3wk 0.150000000000000  0.250000000000000  0.195000000000000  0.323300000000000  0.500850000000000  0.859628000000000  0.939956149926412
fg2cf05c0 0.700000000000000  0.540000000000000  0.600000000000000  0.773100000000000  0.132363943918545  0.860839651430859  0.955089434677280
fg2cf05c1wk 0.500000000000000  0.460000000000000  0.586000000000000  0.778100000000000  0.132899963885879  0.860814318731477  0.955245939460515
fg2cf05c2wk 0.700000000000000  0.590000000000000  0.613000000000000  0.673200000000000  0.181181811818118  0.864745000000000  0.952022349522503
fg2cf05c3wk 0.400000000000000  0.240000000000000  0.209000000000000  0.323300000000000  0.500850000000000  0.834801000000000  0.935256774747588
fg2uf05c0 0.500000000000000  0.100000000000000  0.051000000000000  0.093200000000000  0.272462666413275  0.805134381795682  0.932786321585441
fg2uf05c0d0 0.400000000000000  0.060000000000000  0.054325955734406  0.084300000000000  0.276037705639835  0.802986000000000  0.931244319896947
fg2uf05c0d1wk 0.700000000000000  0.110000000000000  0.048000000000000  0.076500000000000  0.297190000000000  0.804179000000000  0.931359737976745
fg2uf05c0d2wk 0.600000000000000  0.060000000000000  0.034000000000000  0.140800000000000  0.340750000000000  0.804744000000000  0.931665884436251
fg2uf05c0d3wk 0.300000000000000  0.060000000000000  0.042000000000000  0.231600000000000  0.418890000000000  0.812093000000000  0.926945033976763
fg2uf05c1wk 0.700000000000000  0.150000000000000  0.064000000000000  0.084800000000000  0.284800000000000  0.803418000000000  0.930586921113760
fg2uf05c2wk 0.700000000000000  0.150000000000000  0.051000000000000  0.138000000000000  0.332863916355973  0.801891000000000  0.930751977039066
fg2uf05c3wk 0.150000000000000  0.090000000000000  0.047000000000000  0.231600000000000  0.418890000000000  0.809751000000000  0.926945033976763
fg2uf05c7m0 0.500000000000000  0.120000000000000  0.061000000000000  0.097200000000000  0.286340000000000  0.807874000000000  0.933056061573379
fg2uf05c7m1wk 0.700000000000000  0.190000000000000  0.066000000000000  0.097200000000000  0.298910000000000  0.806773000000000  0.932186728617380
fg2uf05c7m2wk 0.700000000000000  0.150000000000000  0.048000000000000  0.141400000000000  0.349821269437574  0.804898000000000  0.932107138000043
fg2uf05c7m3wk 0.300000000000000  0.090000000000000  0.048000000000000  0.248200000000000  0.418890000000000  0.806167000000000  0.926945033976763
fg2uf05m0 0.500000000000000  0.130000000000000  0.067000000000000  0.098900000000000  0.273890000000000  0.802548000000000  0.931955526984092
fg2uf05m1wk 0.700000000000000  0.140000000000000  0.053000000000000  0.086227786752827  0.273440000000000  0.796458000000000  0.928550558768788
fg2uf05m2wk 0.700000000000000  0.210000000000000  0.047000000000000  0.134918246564349  0.328162995726966  0.794093000000000  0.928876635022204
fg2uf05m3wk 0.300000000000000  0.080000000000000  0.045000000000000  0.231600000000000  0.418890000000000  0.805246000000000  0.926945033976763
fg5mf1c0d0 0.000000000000000  0.260000000000000  0.238000000000000  0.177900000000000  0.374860000000000  0.807026000000000  0.937125697418485
fg5mf1c0d1wk 0.100000000000000  0.310000000000000  0.262000000000000  0.183100000000000  0.401460000000000  0.823278000000000  0.936703272223630
fg5mf1c0d2wk 0.200000000000000  0.320000000000000  0.241000000000000  0.191910067248821  0.436980000000000  0.818433825000263  0.936840340965416
fg5mf1c0d3wk 0.300000000000000  0.090000000000000  0.051000000000000  0.244400000000000  0.466593844889615  0.818796637593275  0.926945033976763
fg5mf1m0 0.200000000000000  0.190000000000000  0.306000000000000  0.287700000000000  0.548660000000000  0.824370841741223  0.940992757369247
fg5mf1m1wk 0.300000000000000  0.190000000000000  0.290000000000000  0.258700000000000  0.515280000000000  0.824616000000000  0.937849785386941
fg5mf1m2wk 0.200000000000000  0.210000000000000  0.285000000000000  0.234400000000000  0.481885219621674  0.817465355510456  0.935536633103977
fg5mf1m3wk 0.300000000000000  0.090000000000000  0.051000000000000  0.240109834231669  0.497190000000000  0.810731184895375  0.926945033976763
fg5mf1u0 0.000000000000000  0.150000000000000  0.260000000000000  0.249100000000000  0.354980000000000  0.775813000000000  0.925201820215759
fg5mf1u1wk 0.000000000000000  0.150000000000000  0.284000000000000  0.255400000000000  0.350504535317472  0.779497000000000  0.924309268298982
fg5mf1u2wk 0.100000000000000  0.160000000000000  0.269000000000000  0.250400000000000  0.380170000000000  0.778097600696877  0.922929375434836
fg5mf1u3wk 0.300000000000000  0.090000000000000  0.051000000000000  0.248200000000000  0.434466067964078  0.782693000000000  0.926945033976763
fg5uf1m0 0.400000000000000  0.090000000000000  0.052000000000000  0.138700000000000  0.303030000000000  0.800613000000000  0.932221447388811
fg5uf1m1wk 0.500000000000000  0.090000000000000  0.053000000000000  0.163000000000000  0.288610000000000  0.794611000000000  0.927132046354484
fg5uf1m2wk 0.600000000000000  0.090000000000000  0.043000000000000  0.179800000000000  0.327620000000000  0.788874777495550  0.927404449165196
fg5uf1m3wk 0.300000000000000  0.070000000000000  0.043000000000000  0.231600000000000  0.418890000000000  0.798088414576214  0.926945033976763
fg5uf1u0 0.100000000000000  0.070000000000000  0.053000000000000  0.125300000000000  0.244040000000000  0.771176286357988  0.919341325968099
fg5uf1u1wk 0.550000000000000  0.150000000000000  0.043000000000000  0.158000000000000  0.239983597703679  0.777552739071120  0.920898387760299
fg5uf1u2wk 0.600000000000000  0.130000000000000  0.039000000000000  0.177700000000000  0.313848631239936  0.770955326892851  0.919752149762626
fg5uf1u3wk 0.300000000000000  0.040000000000000  0.033000000000000  0.231600000000000  0.418890000000000  0.782693000000000  0.925907365969964
fg8cf05c0 0.700000000000000  0.550000000000000  0.577000000000000  0.638700000000000  0.042537321499995  0.862403000000000  0.954368534401448
fg8cf05c1wk 0.700000000000000  0.550000000000000  0.557000000000000  0.644700000000000  0.026183443761475  0.861030023922184  0.955090119647402
fg8cf05c2wk 0.700000000000000  0.550000000000000  0.577000000000000  0.436000000000000  0.080409104297220  0.885016000000000  0.952008155759005
fg8cf05c3wk 0.400000000000000  0.210000000000000  0.162000000000000  0.350020064205457  0.473042271648634  0.852695000000000  0.946637777649538
fg8uf05c0 0.800000000000000  0.100000000000000  0.045000000000000  0.172200000000000  0.321083210832108  0.809486000000000  0.935385167542948
fg8uf05c0d0 0.100000000000000  0.030000000000000  0.045000000000000  0.187600000000000  0.313730787704131  0.814013000000000  0.935253489204342
fg8uf05c0d1wk 0.300000000000000  0.040000000000000  0.033000000000000  0.204120412041204  0.318700000000000  0.815545681417007  0.933650322893090
fg8uf05c0d2wk 0.300000000000000  0.020000000000000  0.028000000000000  0.231600000000000  0.341040000000000  0.813947000000000  0.934533638651229
fg8uf05c0d3wk 0.300000000000000  0.030000000000000  0.027000000000000  0.248200000000000  0.436980000000000  0.813750869193560  0.933099380182882
fg8uf05c1wk 0.800000000000000  0.080000000000000  0.045000000000000  0.222300000000000  0.312665633281664  0.804378666923151  0.932206064841030
fg8uf05c2wk 0.800000000000000  0.080000000000000  0.041000000000000  0.253385309807140  0.336491948843682  0.802154000000000  0.931476770295422
fg8uf05c3wk 0.300000000000000  0.050000000000000  0.038076152304609  0.248200000000000  0.418890000000000  0.813270180267513  0.932210352830460
fg8uf05c7m0 0.800000000000000  0.080000000000000  0.040000000000000  0.200400000000000  0.335940000000000  0.810909000000000  0.935849911054114
fg8uf05c7m1wk 0.700000000000000  0.120000000000000  0.047000000000000  0.208600000000000  0.323983239832398  0.813140954805780  0.932930478066295
fg8uf05c7m2wk 0.550000000000000  0.100000000000000  0.032000000000000  0.247772549804785  0.344760970531710  0.811658764227507  0.933267845343176
fg8uf05c7m3wk 0.300000000000000  0.050000000000000  0.038000000000000  0.248200000000000  0.418890000000000  0.813456466561392  0.932771291559406
fg8uf05m0 0.400000000000000  0.030000000000000  0.052000000000000  0.277500000000000  0.334490000000000  0.814551858767612  0.937485012455116
fg8uf05m1wk 0.300000000000000  0.050000000000000  0.049000000000000  0.264400000000000  0.309890000000000  0.801190000000000  0.930674078133563
fg8uf05m2wk 0.600000000000000  0.070000000000000  0.042000000000000  0.253700000000000  0.340430000000000  0.799084419867906  0.929744289283286
fg8uf05m3wk 0.150000000000000  0.040000000000000  0.035000000000000  0.248200000000000  0.418890000000000  0.807137200443648  0.926945033976763
lj1m0 0.000000000000000  0.150000000000000  0.232000000000000  0.234600000000000  0.380330000000000  0.802927722824096  0.936481371714147
lj1m1wk 0.000000000000000  0.150000000000000  0.267000000000000  0.261500000000000  0.365080000000000  0.799664000000000  0.932382842587613
lj1m2wk 0.000000000000000  0.180000000000000  0.269000000000000  0.262800000000000  0.397870000000000  0.795818196916323  0.930032111208010
lj1m3wk 0.100000000000000  0.090000000000000  0.051000000000000  0.264800000000000  0.444779510067047  0.798088414576214  0.926945033976763
lj1u0 0.000000000000000  0.040000000000000  0.053000000000000  0.070900000000000  0.247130000000000  0.777956976987643  0.923618033264540
lj1u1wk 0.300000000000000  0.090000000000000  0.058000000000000  0.083300000000000  0.241030000000000  0.781775065431380  0.921849033852492
lj1u2wk 0.400000000000000  0.080000000000000  0.047000000000000  0.168300000000000  0.309117537893607  0.777142043494653  0.922912022366894
lj1u3wk 0.300000000000000  0.040000000000000  0.043000000000000  0.231600000000000  0.418890000000000  0.783575000000000  0.926945033976763
lj2m0 0.000000000000000  0.170000000000000  0.248000000000000  0.245200000000000  0.380090000000000  0.800531000000000  0.934516346299136
lj2m1wk 0.000000000000000  0.170000000000000  0.279000000000000  0.261900000000000  0.357140000000000  0.790103000000000  0.928458547152725
lj2m2wk 0.000000000000000  0.170000000000000  0.275000000000000  0.253700000000000  0.394396355813225  0.787817000000000  0.926122339936108
lj2m3wk 0.100000000000000  0.090000000000000  0.051000000000000  0.253700000000000  0.438760000000000  0.786784226632142  0.926945033976763
lj2u0 0.000000000000000  0.030612244897959  0.051000000000000  0.091900000000000  0.248900000000000  0.768236656603469  0.920782437726700
lj2u1wk 0.200000000000000  0.050000000000000  0.057000000000000  0.091000000000000  0.252750000000000  0.769206000000000  0.919035427700662
lj2u2wk 0.300000000000000  0.070000000000000  0.052052052052052  0.172200000000000  0.315010000000000  0.773994000000000  0.920580657866912
lj2u3wk 0.300000000000000  0.040404040404040  0.040000000000000  0.235000000000000  0.418890000000000  0.782693000000000  0.925825167101563
lj5m0 0.000000000000000  0.150000000000000  0.239000000000000  0.244300000000000  0.373050000000000  0.793869000000000  0.931653529452595
lj5m1wk 0.000000000000000  0.160000000000000  0.262000000000000  0.265000000000000  0.343530000000000  0.766472000000000  0.919299759316983
lj5m2wk 0.000000000000000  0.200000000000000  0.225000000000000  0.230100000000000  0.371390000000000  0.763883000000000  0.918793291868917
lj5m3wk 0.300000000000000  0.090000000000000  0.051000000000000  0.243700000000000  0.436380000000000  0.777142043494653  0.922300561675176
lj5u0 0.000000000000000  0.020000000000000  0.035000000000000  0.191100000000000  0.263290000000000  0.752315000000000  0.916717380671426
lj5u1wk 0.000000000000000  0.020000000000000  0.033000000000000  0.196100000000000  0.257270000000000  0.754716000000000  0.917496295155493
lj5u2wk 0.200000000000000  0.030000000000000  0.032000000000000  0.221900000000000  0.304870000000000  0.755978000000000  0.915713727648845
lj5u3wk 0.300000000000000  0.030000000000000  0.032000000000000  0.231600000000000  0.418890000000000  0.777142043494653  0.920176865113836
urepsB0 0.600000000000000  0.000000000000000  0.019133937562941  0.000000000000000  0.360260000000000  0.790995000000000  0.920401777544635
urepsB1wk 0.700000000000000  0.000000000000000  0.018000000000000  0.000000000000000  0.366110000000000  0.800349031412827  0.928156554752337
urepsB2wk 0.600000000000000  0.020000000000000  0.026000000000000  0.009200000000000  0.398310000000000  0.795091991167558  0.933419070051271
urepsB3wk 0.150000000000000  0.020000000000000  0.029000000000000  0.231600000000000  0.428488569771395  0.795059000000000  0.925613572055096
urepsC0 0.700000000000000  0.000000000000000  0.022000000000000  0.031100000000000  0.372480000000000  0.790031083616759  0.930813945482550
urepsC1wk 0.700000000000000  0.020000000000000  0.024000000000000  0.028600000000000  0.368155770903963  0.785312000000000  0.927704762931197
urepsC2wk 0.600000000000000  0.010000000000000  0.026052104208417  0.020000000000000  0.385710000000000  0.777719000000000  0.924966377726832
urepsC3wk 0.500000000000000  0.020000000000000  0.030000000000000  0.231600000000000  0.418890000000000  0.784688000000000  0.924356616636087
fg5mf1c0 0.500000000000000  0.320000000000000  0.400000000000000  0.353500000000000  0.547570000000000  0.832744000000000  0.941322820333599
fg5mf1c1wk 0.400000000000000  0.300000000000000  0.417000000000000  0.377400000000000  0.539840000000000  0.829580295802958  0.938515826052847
fg5mf1c2wk 0.500000000000000  0.380000000000000  0.378000000000000  0.276700000000000  0.501930000000000  0.818857000000000  0.937083681680635
fg5mf1c3wk 0.300000000000000  0.090000000000000  0.051000000000000  0.256200000000000  0.511880000000000  0.823416111302233  0.926945033976763
rreps0d0 0.000000000000000  0.000000000000000  0.000000000000000  0.000000000000000  0.000000000000000  0.893244000000000  0.955097504636736
rreps0d1wk 0.000000000000000  0.000000000000000  0.000000000000000  0.000000000000000  0.000000000000000  0.900148411869237  0.955641134505792
rreps0d2wk 0.800000000000000  0.590000000000000  0.403000000000000  0.265089514066496  0.001798963890630  0.870489000000000  0.955885582453651
rreps0d3wk 0.400000000000000  0.200000000000000  0.143750000000000  0.273600000000000  0.436980000000000  0.882928551284949  0.955096652971422
