creps0-1wk 0.200000000000000  0.000000000000000  0.008000000000000  0.081000000000000  0.728627286272863  0.941779128973256  0.987247293864072
creps1wk-2wk 0.100000000000000  0.000000000000000  0.010000000000000  0.094537815126050  0.692716251900456  0.904817000000000  0.959230699547052
creps2wk-3wk 0.200000000000000  0.000000000000000  0.007119464469619  0.059750000000000  0.360569773981919  0.783720642196500  0.935984846665596
creps3wk-4wk 0.300000000000000  0.000000000000000  0.003000000000000  0.029800000000000  0.313198617554566  0.766983000000000  0.922770217962399
ereps0-1wk 0.000000000000000  0.000000000000000  0.002000000000000  0.008900000000000  0.053140000000000  0.552934000000000  0.766377781426694
ereps1wk-2wk 0.000000000000000  0.180000000000000  0.052000000000000  0.026000000000000  0.061680000000000  0.574488000000000  0.817977849086058
ereps2wk-3wk 0.000000000000000  0.195000000000000  0.033500000000000  0.027600000000000  0.055915000000000  0.572954105393908  0.832191172345143
ereps3wk-4wk 0.000000000000000  0.230000000000000  0.051000000000000  0.033000000000000  0.053385234254608  0.629475000000000  0.862933645787324
rreps0-1wk 0.000000000000000  0.000000000000000  0.002610966057441  0.012841987716360  0.542215422154222  0.971429379865293  0.993020570818020
rreps1wk-2wk 0.000000000000000  0.010000000000000  0.004405286343612  0.023200000000000  0.619361936193619  0.928290201902734  0.962260492635100
rreps2wk-3wk 0.000000000000000  0.000000000000000  0.008962435316867  0.020850355003514  0.512086498028387  0.812561500000000  0.936544117647673
rreps3wk-4wk 0.300000000000000  0.010000000000000  0.007812500000000  0.039104638619202  0.406018980380119  0.755786301724164  0.922704410286395
rreps7m0-1wk 0.000000000000000  0.000000000000000  0.002515723270440  0.037343560758983  0.480689613792276  0.917851066285892  0.985781704178964
rreps7m1wk-2wk 0.000000000000000  0.000000000000000  0.003095975232198  0.054718875502008  0.691531373409390  0.905358950764142  0.959299363455829
rreps7m2wk-3wk 0.000000000000000  0.000000000000000  0.004513422818792  0.049494774435754  0.668862934282792  0.780452842288056  0.931703548266387
rreps7m3wk-4wk 0.300000000000000  0.010000000000000  0.005000000000000  0.042900000000000  0.351798806137575  0.752984674349454  0.922716355982779
ureps0-1wk 0.000000000000000  0.000000000000000  0.000000000000000  0.007803121248499  0.037340373403734  0.571552000000000  0.787544079703217
ureps1wk-2wk 0.000000000000000  0.000000000000000  0.001000000000000  0.007600000000000  0.044064064064064  0.611324000000000  0.814146129708794
ureps2wk-3wk 0.000000000000000  0.000000000000000  0.000000000000000  0.006105023540018  0.039845000000000  0.582439466634314  0.826914400783453
ureps3wk-4wk 0.000000000000000  0.000000000000000  0.001000000000000  0.005711995189899  0.036713304197378  0.633910000000000  0.863134852278795
fg5cf1cA0-A1wk 0.100000000000000  0.310000000000000  0.362000000000000  0.168500000000000  0.213560000000000  0.913417531000856  0.966483333005054
fg5cf1cA0-B0 0.100000000000000  0.370000000000000  0.337000000000000  0.147300000000000  0.193185795573867  0.918852000000000  0.970090134383707
fg5cf1cA0-C0 0.200000000000000  0.410000000000000  0.337000000000000  0.146300000000000  0.204230000000000  0.909337936166953  0.967913637709601
fg5cf1cA1wk-A2wk 0.100000000000000  0.280000000000000  0.298000000000000  0.156500000000000  0.327186198691255  0.896321000000000  0.937915311050529
fg5cf1cA1wk-B1wk 0.300000000000000  0.400000000000000  0.484000000000000  0.392300000000000  0.410820000000000  0.934200000000000  0.980070910091399
fg5cf1cA1wk-C1wk 0.200000000000000  0.390000000000000  0.500000000000000  0.394200000000000  0.490289703876093  0.934169000000000  0.980053649966380
fg5cf1cA2wk-A3wk 0.200000000000000  0.300000000000000  0.179000000000000  0.113550000000000  0.372871729981887  0.770249615995041  0.920997179046784
fg5cf1cA2wk-B2wk 0.500000000000000  0.565000000000000  0.547500000000000  0.481800000000000  0.835772619304040  0.950885500000000  0.987145732446734
fg5cf1cA2wk-C2wk 0.600000000000000  0.605000000000000  0.557000000000000  0.486400000000000  0.835504382474648  0.950949000000000  0.986947981916189
fg5cf1cA3wk-A4wk 0.300000000000000  0.180000000000000  0.116000000000000  0.079800000000000  0.386287876512808  0.779952000000000  0.931821491128166
fg5cf1cA3wk-B3wk 0.550000000000000  0.600000000000000  0.568000000000000  0.480100000000000  0.873712232707125  0.946887557852909  0.986313679976308
fg5cf1cA3wk-C3wk 0.700000000000000  0.610000000000000  0.562000000000000  0.479500000000000  0.873236083455978  0.946761228919512  0.986314994736031
fg5cf1cA4wk-B4wk 0.850000000000000  0.655000000000000  0.544500000000000  0.445800000000000  0.822218664471288  0.951936000000000  0.989098823054533
fg5cf1cA4wk-C4wk 0.800000000000000  0.650000000000000  0.545500000000000  0.447350000000000  0.824530288912055  0.951834000000000  0.989128101441200
fg5cf1cB0-B1wk 0.300000000000000  0.280000000000000  0.358000000000000  0.164300000000000  0.190860000000000  0.919955000000000  0.970905717960123
fg5cf1cB0-C0 0.100000000000000  0.360000000000000  0.351000000000000  0.152300000000000  0.207770000000000  0.909398981380911  0.967884963327107
fg5cf1cB1wk-B2wk 0.200000000000000  0.310000000000000  0.319000000000000  0.153800000000000  0.330759518259518  0.902632021409256  0.938748895928534
fg5cf1cB1wk-C1wk 0.300000000000000  0.400000000000000  0.493000000000000  0.392500000000000  0.483960000000000  0.930814336096753  0.978325381818960
fg5cf1cB2wk-B3wk 0.100000000000000  0.315000000000000  0.165000000000000  0.107350000000000  0.387305368366821  0.769441530984808  0.920108421097394
fg5cf1cB2wk-C2wk 0.550000000000000  0.595000000000000  0.566500000000000  0.485500000000000  0.835377086602494  0.951951500000000  0.987014344825369
fg5cf1cB3wk-B4wk 0.300000000000000  0.160000000000000  0.107000000000000  0.083300000000000  0.386845374043355  0.779905000000000  0.931830037409283
fg5cf1cB3wk-C3wk 0.700000000000000  0.650000000000000  0.570000000000000  0.481400000000000  0.874371641532328  0.947540229644767  0.986386255367251
fg5cf1cB4wk-C4wk 0.800000000000000  0.615000000000000  0.541000000000000  0.444650000000000  0.824452329025748  0.951788500000000  0.989189154287383
fg5cf1cC0-C1wk 0.100000000000000  0.300000000000000  0.351000000000000  0.161300000000000  0.291710000000000  0.914729531591608  0.970980633714155
fg5cf1cC1wk-C2wk 0.100000000000000  0.300000000000000  0.298000000000000  0.154600000000000  0.327982667782756  0.896336000000000  0.938161811377771
fg5cf1cC2wk-C3wk 0.350000000000000  0.320000000000000  0.177500000000000  0.110050000000000  0.380574703623710  0.770022190172858  0.920566067625711
fg5cf1cC3wk-C4wk 0.300000000000000  0.150000000000000  0.111000000000000  0.081700000000000  0.386094081820732  0.779799000000000  0.931809889456090
fg2cf05c0-1wk 0.100000000000000  0.280000000000000  0.336000000000000  0.163600000000000  0.208269289886259  0.926151000000000  0.973481714967104
fg2cf05c1wk-2wk 0.100000000000000  0.230000000000000  0.310000000000000  0.154100000000000  0.342321475395507  0.903686371215199  0.937912221544161
fg2cf05c2wk-3wk 0.200000000000000  0.310000000000000  0.183000000000000  0.105100000000000  0.392466945211361  0.763187676298311  0.918693943552602
fg2cf05c3wk-4wk 0.300000000000000  0.180000000000000  0.116000000000000  0.080400000000000  0.392770000000000  0.777382000000000  0.931757309167118
fg2uf05c0-1wk 0.300000000000000  0.050000000000000  0.033000000000000  0.036500000000000  0.052240000000000  0.641535000000000  0.850759304181329
fg2uf05c0d0-1wk 0.000000000000000  0.020000000000000  0.026000000000000  0.033900000000000  0.054040000000000  0.640281000000000  0.852045569481176
fg2uf05c0d1wk-2wk 0.200000000000000  0.020000000000000  0.022000000000000  0.032200000000000  0.049190000000000  0.645698000000000  0.857835664556937
fg2uf05c0d2wk-3wk 0.100000000000000  0.020000000000000  0.016000000000000  0.027300000000000  0.040701228043778  0.650027500000000  0.868261553500083
fg2uf05c0d3wk-4wk 0.400000000000000  0.030000000000000  0.023000000000000  0.029500000000000  0.042261690467619  0.722884070235244  0.904341749220288
fg2uf05c1wk-2wk 0.300000000000000  0.060000000000000  0.029000000000000  0.038300000000000  0.051820000000000  0.648160000000000  0.854074480348026
fg2uf05c2wk-3wk 0.200000000000000  0.075000000000000  0.025000000000000  0.034600000000000  0.043301366823019  0.651046952740923  0.866555486255084
fg2uf05c3wk-4wk 0.300000000000000  0.040000000000000  0.027000000000000  0.034517258629315  0.047197876496219  0.668139178653561  0.883583639437277
fg2uf05c7m0-1wk 0.200000000000000  0.070000000000000  0.032000000000000  0.032500000000000  0.052730000000000  0.642756045779546  0.851842896954871
fg2uf05c7m1wk-2wk 0.300000000000000  0.070000000000000  0.026000000000000  0.036800000000000  0.049590000000000  0.646012000000000  0.857043384531939
fg2uf05c7m2wk-3wk 0.200000000000000  0.080000000000000  0.023000000000000  0.030950000000000  0.041110184072126  0.648392500000000  0.866610888114320
fg2uf05c7m3wk-4wk 0.300000000000000  0.060000000000000  0.028000000000000  0.031000000000000  0.044593009852760  0.684535160816447  0.891069733576479
fg2uf05m0-1wk 0.200000000000000  0.050000000000000  0.034000000000000  0.036500000000000  0.060230000000000  0.650067000000000  0.855949730571483
fg2uf05m1wk-2wk 0.300000000000000  0.080000000000000  0.028000000000000  0.039100000000000  0.058110000000000  0.660833000000000  0.858032620772435
fg2uf05m2wk-3wk 0.050000000000000  0.080000000000000  0.023500000000000  0.036750000000000  0.046329273504274  0.651780076692074  0.868728606472432
fg2uf05m3wk-4wk 0.400000000000000  0.160000000000000  0.038000000000000  0.047000000000000  0.049790000000000  0.699826000000000  0.899193533639340
fg5mf1c0-1wk 0.000000000000000  0.280000000000000  0.246000000000000  0.134600000000000  0.103350000000000  0.685096560106301  0.871694838347296
fg5mf1c0d0-1wk 0.000000000000000  0.280000000000000  0.246000000000000  0.134600000000000  0.103350000000000  0.685096560106301  0.871694838347296
fg5mf1c0d1wk-2wk 0.000000000000000  0.300000000000000  0.246000000000000  0.122000000000000  0.089690000000000  0.707499000000000  0.888402475587498
fg5mf1c0d2wk-3wk 0.000000000000000  0.170000000000000  0.128500000000000  0.101690369326759  0.076449041493714  0.697194892413418  0.893903580019612
fg5mf1c0d3wk-4wk 0.300000000000000  0.110000000000000  0.082000000000000  0.071400000000000  0.063214694829076  0.730380000000000  0.907498971017605
fg5mf1c1wk-2wk 0.000000000000000  0.300000000000000  0.246000000000000  0.122000000000000  0.089690000000000  0.707499000000000  0.888402475587498
fg5mf1c2wk-3wk 0.000000000000000  0.170000000000000  0.128500000000000  0.101690369326759  0.076449041493714  0.697194892413418  0.893903580019612
fg5mf1c3wk-4wk 0.300000000000000  0.110000000000000  0.082000000000000  0.071400000000000  0.063214694829076  0.730380000000000  0.907498971017605
fg5mf1m0-1wk 0.000000000000000  0.160000000000000  0.310000000000000  0.191900000000000  0.132130000000000  0.732932296748355  0.888416694303847
fg5mf1m1wk-2wk 0.100000000000000  0.180000000000000  0.294000000000000  0.174700000000000  0.115115399167613  0.709862524715568  0.885976934728986
fg5mf1m2wk-3wk 0.100000000000000  0.145000000000000  0.187000000000000  0.134350000000000  0.090880268358925  0.693004016161396  0.890634835683088
fg5mf1m3wk-4wk 0.400000000000000  0.090000000000000  0.088000000000000  0.100100000000000  0.070599651853779  0.693893778755751  0.903650690738616
fg5mf1u0-1wk 0.000000000000000  0.130000000000000  0.313000000000000  0.209600000000000  0.146050000000000  0.685000523336444  0.875644216056161
fg5mf1u1wk-2wk 0.000000000000000  0.130000000000000  0.294000000000000  0.190900000000000  0.129680000000000  0.683952000000000  0.874681051102768
fg5mf1u2wk-3wk 0.000000000000000  0.145000000000000  0.153500000000000  0.122200000000000  0.100590000000000  0.637039814329276  0.873318068635222
fg5mf1u3wk-4wk 0.300000000000000  0.130000000000000  0.071000000000000  0.082400000000000  0.073030000000000  0.636440000000000  0.889468863478189
fg5uf1m0-1wk 0.100000000000000  0.040000000000000  0.024000000000000  0.043500000000000  0.057340000000000  0.648649000000000  0.856675040967232
fg5uf1m1wk-2wk 0.100000000000000  0.040000000000000  0.026000000000000  0.039400000000000  0.055260000000000  0.661683000000000  0.860034428159161
fg5uf1m2wk-3wk 0.100000000000000  0.050000000000000  0.019500000000000  0.035880737253331  0.046367858404947  0.649627005329840  0.868661894126605
fg5uf1m3wk-4wk 0.300000000000000  0.050000000000000  0.028000000000000  0.027900000000000  0.047175107261719  0.649798000000000  0.883966286180343
fg5uf1u0-1wk 0.100000000000000  0.030000000000000  0.026000000000000  0.043100000000000  0.061560000000000  0.613681000000000  0.850863168251403
fg5uf1u1wk-2wk 0.300000000000000  0.060000000000000  0.022000000000000  0.039900000000000  0.056630000000000  0.644671157931652  0.850034178516198
fg5uf1u2wk-3wk 0.000000000000000  0.040000000000000  0.017000000000000  0.032450000000000  0.042771898720885  0.596294301350301  0.857988665529355
fg5uf1u3wk-4wk 0.300000000000000  0.010000000000000  0.016000000000000  0.025500000000000  0.046228881032739  0.621026332934894  0.870196896527183
fg8cf05c0-1wk 0.200000000000000  0.430000000000000  0.296000000000000  0.141582940332171  0.314870000000000  0.924872000000000  0.972368343088354
fg8cf05c1wk-2wk 0.100000000000000  0.340000000000000  0.250000000000000  0.140739584958652  0.345420667908843  0.893929000000000  0.948635175538851
fg8cf05c2wk-3wk 0.100000000000000  0.220000000000000  0.158000000000000  0.104850000000000  0.402719135166251  0.778912971489491  0.927412525096244
fg8cf05c3wk-4wk 0.300000000000000  0.120000000000000  0.086000000000000  0.073300000000000  0.372118869775918  0.774796000000000  0.929290309648856
fg8uf05c0-1wk 0.500000000000000  0.040000000000000  0.023000000000000  0.031500000000000  0.048100000000000  0.664027223622164  0.854175204608857
fg8uf05c0d0-1wk 0.000000000000000  0.010000000000000  0.019000000000000  0.031100000000000  0.047590000000000  0.657925000000000  0.857102165904801
fg8uf05c0d1wk-2wk 0.111111111111111  0.010000000000000  0.012000000000000  0.028100000000000  0.044320000000000  0.671143227007019  0.857306369185496
fg8uf05c0d2wk-3wk 0.100000000000000  0.005000000000000  0.009000000000000  0.016359274193548  0.039564011989267  0.653997522722875  0.869962035991859
fg8uf05c0d3wk-4wk 0.500000000000000  0.010000000000000  0.009000000000000  0.014004201260378  0.040280000000000  0.736015000000000  0.904187959450339
fg8uf05c1wk-2wk 0.400000000000000  0.040000000000000  0.016000000000000  0.032900000000000  0.046022301115056  0.647552140734279  0.857108939507254
fg8uf05c2wk-3wk 0.200000000000000  0.020000000000000  0.017000000000000  0.023950000000000  0.042117128573776  0.631870000000000  0.865640922214307
fg8uf05c3wk-4wk 0.300000000000000  0.030000000000000  0.014000000000000  0.022900000000000  0.043320866417328  0.701291836232241  0.888054747116500
fg8uf05c7m0-1wk 0.500000000000000  0.050000000000000  0.018000000000000  0.031500000000000  0.047970000000000  0.661348167115875  0.856418540943230
fg8uf05c7m1wk-2wk 0.500000000000000  0.050000000000000  0.016000000000000  0.029700000000000  0.044810000000000  0.660225261350864  0.857613340065111
fg8uf05c7m2wk-3wk 0.200000000000000  0.025000000000000  0.012000000000000  0.020400000000000  0.041430691081791  0.642374345308144  0.872232900195528
fg8uf05c7m3wk-4wk 0.300000000000000  0.020000000000000  0.016000000000000  0.018600000000000  0.042100000000000  0.722088000000000  0.901648043633955
fg8uf05m0-1wk 0.100000000000000  0.020000000000000  0.021000000000000  0.039100000000000  0.051473897952447  0.670657796688878  0.849996622983391
fg8uf05m1wk-2wk 0.100000000000000  0.030000000000000  0.018000000000000  0.037900000000000  0.054600000000000  0.659556000000000  0.860192340177145
fg8uf05m2wk-3wk 0.400000000000000  0.030000000000000  0.015500000000000  0.031200000000000  0.046293352038762  0.648057498166539  0.869102983315909
fg8uf05m3wk-4wk 0.400000000000000  0.060000000000000  0.024000000000000  0.023911955977989  0.044010000000000  0.694311182317591  0.898962349812695
lj1m0-1wk 0.000000000000000  0.140000000000000  0.271000000000000  0.184700000000000  0.137320000000000  0.679490433454782  0.870050229064792
lj1m1wk-2wk 0.000000000000000  0.150000000000000  0.300000000000000  0.199500000000000  0.128200000000000  0.663771912008796  0.871178332857292
lj1m2wk-3wk 0.000000000000000  0.130000000000000  0.173000000000000  0.117600000000000  0.098207318000761  0.655712394898156  0.878867468420333
lj1m3wk-4wk 0.300000000000000  0.070000000000000  0.076000000000000  0.072600000000000  0.070330000000000  0.647526000000000  0.888919331480684
lj1u0-1wk 0.000000000000000  0.020000000000000  0.025000000000000  0.032900000000000  0.056150000000000  0.640791511447826  0.842974657268994
lj1u1wk-2wk 0.200000000000000  0.030000000000000  0.021000000000000  0.032000000000000  0.055650000000000  0.656551000000000  0.847727862926302
lj1u2wk-3wk 0.000000000000000  0.015050505050505  0.017000000000000  0.029050000000000  0.042999981437817  0.599702000000000  0.850647203653121
lj1u3wk-4wk 0.300000000000000  0.010000000000000  0.012000000000000  0.024700000000000  0.044070000000000  0.632712000000000  0.872535755669454
lj2m0-1wk 0.000000000000000  0.160000000000000  0.281000000000000  0.192400000000000  0.132420000000000  0.667811624607400  0.868156311104846
lj2m1wk-2wk 0.000000000000000  0.160000000000000  0.299000000000000  0.187200000000000  0.122130000000000  0.666643000000000  0.870387713254532
lj2m2wk-3wk 0.000000000000000  0.110000000000000  0.161500000000000  0.111200000000000  0.096065000000000  0.650053000000000  0.877164163485300
lj2m3wk-4wk 0.300000000000000  0.080000000000000  0.062000000000000  0.080300000000000  0.070940436048548  0.637525000000000  0.885836678233481
lj2u0-1wk 0.000000000000000  0.010000000000000  0.023000000000000  0.033300000000000  0.054130000000000  0.636682996103981  0.842390746780035
lj2u1wk-2wk 0.100000000000000  0.020000000000000  0.023000000000000  0.034400000000000  0.054360000000000  0.656728000000000  0.848074599087104
lj2u2wk-3wk 0.100000000000000  0.020000000000000  0.014007007007007  0.030500000000000  0.043801335980159  0.588657500000000  0.852167220075253
lj2u3wk-4wk 0.300000000000000  0.010000000000000  0.012000000000000  0.024600000000000  0.043790581573339  0.615069784269529  0.865660978866923
lj5m0-1wk 0.000000000000000  0.150000000000000  0.279000000000000  0.171300000000000  0.110820000000000  0.659929000000000  0.855015545416603
lj5m1wk-2wk 0.000000000000000  0.140000000000000  0.248000000000000  0.157500000000000  0.103230000000000  0.669739000000000  0.860253570679399
lj5m2wk-3wk 0.000000000000000  0.135000000000000  0.142500000000000  0.110400000000000  0.083995420754208  0.591545087414175  0.861835049757884
lj5m3wk-4wk 0.300000000000000  0.090000000000000  0.060000000000000  0.072800000000000  0.066570000000000  0.604016156837590  0.868010157480623
lj5u0-1wk 0.000000000000000  0.020000000000000  0.022000000000000  0.035400000000000  0.052520000000000  0.616074558238314  0.841826509330219
lj5u1wk-2wk 0.000000000000000  0.010000000000000  0.019000000000000  0.036400000000000  0.055080000000000  0.639135000000000  0.846597876244997
lj5u2wk-3wk 0.000000000000000  0.015000000000000  0.012500000000000  0.028150000000000  0.043920000000000  0.573442000000000  0.852580287491290
lj5u3wk-4wk 0.300000000000000  0.010000000000000  0.010000000000000  0.020800000000000  0.042080000000000  0.592908000000000  0.859791605570751
ureps0-B0 0.000000000000000  0.000000000000000  0.000000000000000  0.008200000000000  0.037980379803798  0.563050000000000  0.776607985148852
ureps0-C0 0.000000000000000  0.000000000000000  0.001000000000000  0.005038312165425  0.035630356303563  0.544171000000000  0.810278570819984
ureps1wk-B1wk 0.000000000000000  0.000000000000000  0.000000000000000  0.009900000000000  0.047957957957958  0.612571000000000  0.815288536810125
ureps1wk-C1wk 0.000000000000000  0.000000000000000  0.000000000000000  0.006200000000000  0.049209209209209  0.577955000000000  0.824858802718116
ureps2wk-B2wk 0.000000000000000  0.000000000000000  0.000000000000000  0.008351230369111  0.043025000000000  0.593709864374375  0.827702512503139
ureps2wk-C2wk 0.000000000000000  0.000000000000000  0.000000000000000  0.005800000000000  0.043835000000000  0.570710931160133  0.831930436271469
ureps3wk-B3wk 0.000000000000000  0.000000000000000  0.001000000000000  0.010000000000000  0.039703573321599  0.643874000000000  0.850836918888203
ureps3wk-C3wk 0.000000000000000  0.000000000000000  0.000000000000000  0.009200000000000  0.040528678807446  0.627441000000000  0.860844712628945
urepsB0-B1wk 0.000000000000000  0.000000000000000  0.000000000000000  0.007400000000000  0.037230000000000  0.571697000000000  0.787607073321359
urepsB0-C0 0.000000000000000  0.000000000000000  0.000000000000000  0.005200000000000  0.037040000000000  0.544571000000000  0.810376129363641
urepsB1wk-B2wk 0.000000000000000  0.000000000000000  0.000000000000000  0.007900000000000  0.043495246776924  0.611668000000000  0.814028365704308
urepsB1wk-C1wk 0.000000000000000  0.000000000000000  0.001000000000000  0.006500000000000  0.048543981087281  0.578167000000000  0.824969981895291
urepsB2wk-B3wk 0.000000000000000  0.000000000000000  0.000000000000000  0.005850000000000  0.039935398907978  0.581031949626172  0.826459473763683
urepsB2wk-C2wk 0.000000000000000  0.000000000000000  0.000000000000000  0.005250265026503  0.043440431708634  0.571309077126515  0.831927518078205
urepsB3wk-B4wk 0.000000000000000  0.000000000000000  0.001000000000000  0.005449041372351  0.036059401379890  0.632593000000000  0.862762791373534
urepsB3wk-C3wk 0.000000000000000  0.000000000000000  0.001000000000000  0.009000000000000  0.040950000000000  0.627238000000000  0.860844976394014
urepsC0-C1wk 0.000000000000000  0.000000000000000  0.000000000000000  0.005400000000000  0.037310000000000  0.638343706403394  0.842107697807900
urepsC1wk-C2wk 0.000000000000000  0.000000000000000  0.000000000000000  0.005800000000000  0.046260000000000  0.650423181708345  0.851605479343454
urepsC2wk-C3wk 0.000000000000000  0.000000000000000  0.001000000000000  0.004455388471178  0.042230000000000  0.614050500000000  0.854081682317393
urepsC3wk-C4wk 0.000000000000000  0.000000000000000  0.001000000000000  0.006100000000000  0.036477937054537  0.610236000000000  0.864815749590386
rreps0d0-1wk 0.000000000000000  0.000000000000000  0.009000000000000  0.082400000000000  0.726757267572676  0.945855837567513  0.988917372576006
rreps0d1wk-2wk 0.000000000000000  0.000000000000000  0.000000000000000  0.029500000000000  0.610372207444149  0.878077000000000  0.960883242507650
rreps0d2wk-3wk 0.000000000000000  0.000000000000000  0.008962435316867  0.020850355003514  0.512086498028387  0.812561500000000  0.936544117647673
rreps0d3wk-4wk 0.300000000000000  0.010000000000000  0.007812500000000  0.039104638619202  0.406018980380119  0.755786301724164  0.922704410286395
fg5mf1c0-1wk 0.200000000000000  0.200000000000000  0.460000000000000  0.276200000000000  0.126850000000000  0.720186470883561  0.889087889942020
fg5mf1c1wk-2wk 0.100000000000000  0.250000000000000  0.384000000000000  0.217600000000000  0.107650000000000  0.712462295931588  0.888290950426808
fg5mf1c2wk-3wk 0.150000000000000  0.240000000000000  0.163000000000000  0.132350000000000  0.082126509542654  0.701168932217427  0.890829119886772
fg5mf1c3wk-4wk 0.400000000000000  0.140000000000000  0.103000000000000  0.086400000000000  0.066500000000000  0.714459565490759  0.900255741903452
