dreps 1.000000000000000 1.000000000000000 1.000000000000000 1.000000000000000 1.000000000000000 1.000000000000000 1.000000000000000
ureps4wk 0.300000000000000  0.000000000000000  0.000000000000000  0.010100000000000  0.030555798762667  0.686696000000000  0.884877938504181
ereps4wk 0.050000000000000  0.145000000000000  0.036691268191268  0.037050000000000  0.043814040014110  0.665810500000000  0.880593920340953
rreps4wk 0.300000000000000  0.135000000000000  0.029500000000000  0.077800000000000  0.082587677244149  0.780244500000000  0.946982626246340
ureps0 0.000000000000000  0.000000000000000  0.000000000000000  0.002900000000000  0.036850000000000  0.590565175135564  0.772324609505004
ureps1wk 0.000000000000000  0.000000000000000  0.000000000000000  0.003600000000000  0.040910000000000  0.624162218515009  0.805292946137274
ureps2wk 0.000000000000000  0.000000000000000  0.000500000000000  0.003050000000000  0.036950783914209  0.596836000000000  0.820735872999799
ureps3wk 0.000000000000000  0.000000000000000  0.001000000000000  0.003900000000000  0.035840000000000  0.634696388825755  0.837003712754880
urepsB0 0.000000000000000  0.000000000000000  0.000000000000000  0.002603384399720  0.035900000000000  0.590560212968732  0.772116509307179
urepsB1wk 0.000000000000000  0.000000000000000  0.000000000000000  0.002900000000000  0.041290000000000  0.624036065603551  0.805108974896656
urepsB2wk 0.000000000000000  0.000000000000000  0.000000000000000  0.003200000000000  0.037287619345981  0.597097000000000  0.820957568787538
urepsB3wk 0.000000000000000  0.000000000000000  0.001000000000000  0.003104035245820  0.035300000000000  0.633377755038493  0.836693956461958
urepsC0 0.000000000000000  0.000000000000000  0.000000000000000  0.003800000000000  0.038150000000000  0.646421000000000  0.850029219348690
urepsC1wk 0.000000000000000  0.000000000000000  0.000000000000000  0.004900000000000  0.046290000000000  0.649569000000000  0.849085852682059
urepsC2wk 0.000000000000000  0.000000000000000  0.000000000000000  0.003650000000000  0.037566077765854  0.600495587619175  0.847977557896979
urepsC3wk 0.000000000000000  0.000000000000000  0.001000000000000  0.004605987784119  0.035920000000000  0.610993020352216  0.859549450830675
ereps0 0.000000000000000  0.000000000000000  0.001000000000000  0.009600000000000  0.054080000000000  0.533479468865966  0.673748523263684
ereps1wk 0.000000000000000  0.110000000000000  0.054000000000000  0.042400000000000  0.069770000000000  0.575998046143707  0.732869568316347
ereps2wk 0.000000000000000  0.115000000000000  0.041500000000000  0.032700000000000  0.051758670237508  0.586085500000000  0.771792440581496
ereps3wk 0.000000000000000  0.180000000000000  0.050000000000000  0.035400000000000  0.053350000000000  0.630255887044048  0.820349326662273
creps0 0.100000000000000  0.000000000000000  0.000000000000000  0.002600000000000  0.044150000000000  0.625927940728290  0.851383118348507
creps1wk 0.200000000000000  0.000000000000000  0.000000000000000  0.004200000000000  0.045335710636763  0.624721370746711  0.874241264470698
creps2wk 0.300000000000000  0.000000000000000  0.000500000000000  0.004250000000000  0.023195043804756  0.605902593916188  0.878029238884678
creps3wk 0.300000000000000  0.000000000000000  0.000000000000000  0.004900000000000  0.063507922091028  0.745729959419721  0.928562953479723
rreps0 0.000000000000000  0.000000000000000  0.000000000000000  0.001400000000000  0.028400000000000  0.713937271428129  0.894486789241327
rreps1wk 0.000000000000000  0.010000000000000  0.002000000000000  0.002000000000000  0.041030000000000  0.713758264088828  0.896495820342222
rreps2wk 0.000000000000000  0.010000000000000  0.007017587939698  0.002750000000000  0.027972046307885  0.666529618886311  0.896744768395455
rreps3wk 0.300000000000000  0.010000000000000  0.005000000000000  0.009512366075899  0.074720207306747  0.718826000000000  0.927890596204422
rreps0d0 0.000000000000000  0.000000000000000  0.000000000000000  0.003000000000000  0.045145392805986  0.624938761372702  0.861878953937303
rreps0d1wk 0.000000000000000  0.000000000000000  0.000000000000000  0.002800000000000  0.045185459717729  0.624946042398453  0.868343893170315
rreps0d2wk 0.000000000000000  0.010000000000000  0.007017587939698  0.002750000000000  0.027972046307885  0.666529618886311  0.896744768395455
rreps0d3wk 0.300000000000000  0.010000000000000  0.005000000000000  0.009512366075899  0.074720207306747  0.718826000000000  0.927890596204422
rreps7m0 0.000000000000000  0.000000000000000  0.000000000000000  0.003000000000000  0.044130000000000  0.673874000000000  0.875596386993328
rreps7m1wk 0.000000000000000  0.000000000000000  0.001005025125628  0.004000000000000  0.046527701261106  0.674778000000000  0.878252053574517
rreps7m2wk 0.000000000000000  0.000000000000000  0.003561253561254  0.004250000000000  0.042067262340624  0.607176594462189  0.879614992251096
rreps7m3wk 0.300000000000000  0.010000000000000  0.004000000000000  0.010213277260439  0.071690182515635  0.694152054395396  0.916355165501923
lj1m0 0.000000000000000  0.010000000000000  0.020040080160321  0.043400000000000  0.086930000000000  0.662254152420249  0.865546881577409
lj1m1wk 0.000000000000000  0.010000000000000  0.023000000000000  0.053300000000000  0.093720000000000  0.668895000000000  0.867143327682101
lj1m2wk 0.000000000000000  0.010000000000000  0.022500000000000  0.049450000000000  0.078015000000000  0.630790617894236  0.869715488931759
lj1m3wk 0.300000000000000  0.000000000000000  0.021000000000000  0.048200000000000  0.072680000000000  0.648329279977893  0.880791354209977
lj1u0 0.000000000000000  0.000000000000000  0.009000000000000  0.018500000000000  0.062270000000000  0.636537000000000  0.840662005610359
lj1u1wk 0.000000000000000  0.010000000000000  0.009000000000000  0.021400000000000  0.065680000000000  0.637653000000000  0.842079020108842
lj1u2wk 0.000000000000000  0.005000000000000  0.008504504504505  0.019950000000000  0.048640000000000  0.568619565254130  0.850855823789142
lj1u3wk 0.300000000000000  0.010000000000000  0.006000000000000  0.018900000000000  0.044070000000000  0.633496902662399  0.872172684480312
lj2m0 0.000000000000000  0.000000000000000  0.020000000000000  0.043200000000000  0.088310000000000  0.662226000000000  0.859798138048397
lj2m1wk 0.000000000000000  0.010000000000000  0.023000000000000  0.054700000000000  0.092850000000000  0.646341500001500  0.861650207429838
lj2m2wk 0.000000000000000  0.010000000000000  0.020000000000000  0.048550000000000  0.077429795658750  0.618719919987365  0.865906297051698
lj2m3wk 0.300000000000000  0.010000000000000  0.023023023023023  0.048500000000000  0.072137299491143  0.638315873367102  0.877104190783288
lj2u0 0.000000000000000  0.000000000000000  0.009000000000000  0.021600000000000  0.061350000000000  0.622367826933304  0.838053644705691
lj2u1wk 0.000000000000000  0.010000000000000  0.010000000000000  0.022500000000000  0.064580000000000  0.637850000000000  0.841142413216727
lj2u2wk 0.000000000000000  0.000000000000000  0.008000000000000  0.020850000000000  0.049810000000000  0.558393553400107  0.845591463323190
lj2u3wk 0.300000000000000  0.000000000000000  0.007035175879397  0.021000000000000  0.043770000000000  0.599160359685651  0.869913989451668
lj5m0 0.000000000000000  0.010000000000000  0.019000000000000  0.044000000000000  0.083110000000000  0.644766000000000  0.852298205251482
lj5m1wk 0.000000000000000  0.010000000000000  0.022044088176353  0.056600000000000  0.088460000000000  0.644653430790662  0.850965298034361
lj5m2wk 0.000000000000000  0.010000000000000  0.019509509509510  0.046550000000000  0.073086240972424  0.565062060836122  0.854109999141601
lj5m3wk 0.300000000000000  0.010000000000000  0.024000000000000  0.045400000000000  0.067813917169715  0.603386595992435  0.865672787677017
lj5u0 0.000000000000000  0.000000000000000  0.009045226130653  0.024300000000000  0.059800000000000  0.623937146928086  0.836308594757208
lj5u1wk 0.000000000000000  0.000000000000000  0.008000000000000  0.025900000000000  0.064450000000000  0.619525000000000  0.839298073683519
lj5u2wk 0.000000000000000  0.005000000000000  0.007500000000000  0.023850000000000  0.051383099526209  0.547204602987831  0.841513423532084
lj5u3wk 0.300000000000000  0.010000000000000  0.007000000000000  0.018200000000000  0.042080000000000  0.593643524326641  0.859434123112173
lj1c0 0.000000000000000  0.010000000000000  0.015000000000000  0.026100000000000  0.035540000000000  0.720760551182599  0.897811597652623
lj1c1wk 0.000000000000000  0.020000000000000  0.023000000000000  0.050100000000000  0.043240000000000  0.724018684766075  0.900709141779312
lj1c2wk 0.100000000000000  0.010000000000000  0.028028056112224  0.055636121958546  0.053700000000000  0.700721699801400  0.909137427036114
lj1c3wk 0.300000000000000  0.020000000000000  0.030000000000000  0.063700000000000  0.080984298962446  0.779560875925271  0.941705660397425
lj2c0 0.000000000000000  0.010000000000000  0.018090452261307  0.028700000000000  0.038360000000000  0.721602585706014  0.896663445411039
lj2c1wk 0.000000000000000  0.010000000000000  0.024048096192385  0.049400000000000  0.045070000000000  0.725377740487360  0.900433037587378
lj2c2wk 0.050000000000000  0.015000000000000  0.027000000000000  0.055650000000000  0.053985000000000  0.701031200357401  0.909271353194880
lj2c3wk 0.300000000000000  0.020000000000000  0.030150753768844  0.062100000000000  0.081708648323284  0.780065501155932  0.941954927800528
lj5c0 0.000000000000000  0.010000000000000  0.019000000000000  0.031200000000000  0.041900000000000  0.728199000000000  0.903230861052484
lj5c1wk 0.000000000000000  0.010000000000000  0.023000000000000  0.049700000000000  0.048200000000000  0.729092000000000  0.900574216377392
lj5c2wk 0.100000000000000  0.010000000000000  0.025500000000000  0.054835731450886  0.056510000000000  0.705129205651411  0.911489219839948
lj5c3wk 0.300000000000000  0.020000000000000  0.027000000000000  0.062481225593271  0.080668033748559  0.782768850605901  0.942947012064875
fg5uf1u0 0.000000000000000  0.000000000000000  0.011000000000000  0.027800000000000  0.066450000000000  0.629609375783907  0.840625318358354
fg5uf1u1wk 0.000000000000000  0.010000000000000  0.009000000000000  0.027300000000000  0.067020000000000  0.586939087978714  0.841961075924463
fg5uf1u2wk 0.000000000000000  0.005000000000000  0.009000000000000  0.026100000000000  0.053434479580900  0.558832552640105  0.847717488433291
fg5uf1u3wk 0.300000000000000  0.000000000000000  0.006000000000000  0.023300000000000  0.047298989312151  0.606024864807497  0.872592118430599
fg5mf1u0 0.000000000000000  0.010000000000000  0.022000000000000  0.048500000000000  0.090630000000000  0.644402000000000  0.854169379301954
fg5mf1u1wk 0.000000000000000  0.010000000000000  0.022110552763819  0.057100000000000  0.099180000000000  0.653007773318706  0.859895733280407
fg5mf1u2wk 0.000000000000000  0.010000000000000  0.022500000000000  0.050550000000000  0.080457012110224  0.603500601623203  0.866644502640193
fg5mf1u3wk 0.300000000000000  0.000000000000000  0.023000000000000  0.046961049364173  0.074381075372156  0.637229527384429  0.876854591023648
fg5uf1m0 0.000000000000000  0.010000000000000  0.010000000000000  0.027700000000000  0.062870000000000  0.657048000000000  0.854337174164772
fg5uf1m1wk 0.000000000000000  0.010000000000000  0.010050251256281  0.028000000000000  0.067470000000000  0.641312293804046  0.854364127660091
fg5uf1m2wk 0.000000000000000  0.010000000000000  0.009500000000000  0.027200000000000  0.052765000000000  0.614974538401087  0.860324802186513
fg5uf1m3wk 0.300000000000000  0.020000000000000  0.012000000000000  0.025700000000000  0.047060000000000  0.650604098478014  0.879810237711366
fg2uf05m0 0.000000000000000  0.010000000000000  0.010000000000000  0.021600000000000  0.067800000000000  0.645547000000000  0.851385579384609
fg2uf05m1wk 0.000000000000000  0.010000000000000  0.011011011011011  0.025400000000000  0.065460000000000  0.639705227914344  0.852923502466857
fg2uf05m2wk 0.000000000000000  0.015000000000000  0.011500000000000  0.025550000000000  0.049585000000000  0.617209609183946  0.860488616483110
fg2uf05m3wk 0.300000000000000  0.010000000000000  0.012000000000000  0.026935015520176  0.051070000000000  0.653154258125818  0.880415126609561
fg8uf05m0 0.000000000000000  0.000000000000000  0.010000000000000  0.027600000000000  0.057620000000000  0.639836465457819  0.867012674182684
fg8uf05m1wk 0.000000000000000  0.010000000000000  0.008000000000000  0.029100000000000  0.063920000000000  0.656034897430795  0.859707924910536
fg8uf05m2wk 0.300000000000000  0.010000000000000  0.010000000000000  0.025600000000000  0.047703982238369  0.632485120670241  0.864093879434528
fg8uf05m3wk 0.300000000000000  0.010000000000000  0.013013013013013  0.019725643336337  0.044260000000000  0.680848571379940  0.888451175329041
fg5mf1m0 0.000000000000000  0.010000000000000  0.021042084168337  0.043300000000000  0.082050000000000  0.721073000000000  0.895563597547055
fg5mf1m1wk 0.100000000000000  0.020000000000000  0.026052104208417  0.063600000000000  0.088310000000000  0.726738000000000  0.889020443140368
fg5mf1m2wk 0.100000000000000  0.020000000000000  0.027527054108216  0.053250000000000  0.078000496013725  0.688627752599825  0.891005930676489
fg5mf1m3wk 0.400000000000000  0.050000000000000  0.030000000000000  0.054400000000000  0.071596830608894  0.694615628764039  0.896156861650277
fg2uf05c0 0.000000000000000  0.010000000000000  0.009000000000000  0.020400000000000  0.059120000000000  0.649990000000000  0.850920498874908
fg2uf05c1wk 0.000000000000000  0.010000000000000  0.012000000000000  0.024400000000000  0.061730000000000  0.637188000000000  0.852267859942182
fg2uf05c2wk 0.000000000000000  0.005000000000000  0.011197505197505  0.023450000000000  0.046561176203451  0.625931612704225  0.861671095567282
fg2uf05c3wk 0.300000000000000  0.010000000000000  0.012012012012012  0.029700000000000  0.047180000000000  0.662072307589103  0.886291522548563
fg2uf05c0d0 0.000000000000000  0.000000000000000  0.007007007007007  0.020600000000000  0.061000000000000  0.651767000000000  0.852427318534058
fg2uf05c0d1wk 0.000000000000000  0.010000000000000  0.009355509355509  0.021400000000000  0.058890000000000  0.645594084336754  0.857431330445492
fg2uf05c0d2wk 0.000000000000000  0.000000000000000  0.007638253638254  0.018950000000000  0.045800000000000  0.625647613940228  0.868234822413388
fg2uf05c0d3wk 0.300000000000000  0.000000000000000  0.007276507276507  0.020300000000000  0.043390000000000  0.681957945894964  0.890120602216752
fg2uf05c7m0 0.100000000000000  0.010000000000000  0.011000000000000  0.020400000000000  0.061040000000000  0.659147000000000  0.854257129431442
fg2uf05c7m1wk 0.000000000000000  0.010000000000000  0.013000000000000  0.024700000000000  0.059850000000000  0.648293580036782  0.857017843745612
fg2uf05c7m2wk 0.000000000000000  0.010000000000000  0.011000000000000  0.021600000000000  0.044088370168534  0.624180112239225  0.868829414423888
fg2uf05c7m3wk 0.300000000000000  0.010000000000000  0.011000000000000  0.024732151797337  0.044490000000000  0.685378183569443  0.890770026890967
fg8uf05c0 0.000000000000000  0.010000000000000  0.008000000000000  0.024500000000000  0.059570000000000  0.653485201254263  0.863836445487966
fg8uf05c1wk 0.000000000000000  0.010000000000000  0.008000000000000  0.026400000000000  0.055780000000000  0.652503000000000  0.860195975191515
fg8uf05c2wk 0.000000000000000  0.005000000000000  0.010505005005005  0.023250000000000  0.045148237460894  0.625450113816228  0.869989375317871
fg8uf05c3wk 0.300000000000000  0.010000000000000  0.011000000000000  0.022500000000000  0.043320000000000  0.678769996025075  0.897607597936332
fg8uf05c0d0 0.000000000000000  0.000000000000000  0.008000000000000  0.024200000000000  0.051720000000000  0.664403000000000  0.864881328958081
fg8uf05c0d1wk 0.100000000000000  0.000000000000000  0.008016032064128  0.023100000000000  0.055550000000000  0.669935540908361  0.864898310847922
fg8uf05c0d2wk 0.000000000000000  0.000000000000000  0.004510050251256  0.015350000000000  0.040093284177615  0.644536000000000  0.877247048096544
fg8uf05c0d3wk 0.300000000000000  0.000000000000000  0.003015075376884  0.013217182337038  0.040677932146685  0.724202286633138  0.902050540129227
fg8uf05c7m0 0.000000000000000  0.010000000000000  0.009000000000000  0.025200000000000  0.057230000000000  0.655573284244712  0.865548872815219
fg8uf05c7m1wk 0.000000000000000  0.010000000000000  0.011000000000000  0.025400000000000  0.055470000000000  0.660877761865691  0.864508564981281
fg8uf05c7m2wk 0.000000000000000  0.005000000000000  0.009000000000000  0.016450000000000  0.042746009561874  0.636862133314267  0.875796012965979
fg8uf05c7m3wk 0.300000000000000  0.010000000000000  0.011000000000000  0.018123560628817  0.042100000000000  0.722983776899579  0.901273158188085
fg5mf1c0 0.000000000000000  0.010000000000000  0.023000000000000  0.052200000000000  0.080600000000000  0.718326000000000  0.886617245810236
fg5mf1c1wk 0.000000000000000  0.020000000000000  0.027000000000000  0.064000000000000  0.082160000000000  0.726327000000000  0.888575693921415
fg5mf1c2wk 0.000000000000000  0.020000000000000  0.026000000000000  0.056936772804646  0.074632998628612  0.695108000000000  0.892872745203606
fg5mf1c3wk 0.300000000000000  0.020000000000000  0.027027027027027  0.057100000000000  0.067442629190749  0.688330841913130  0.905267419055396
fg5mf1c0d0 0.000000000000000  0.010000000000000  0.018090452261307  0.041900000000000  0.076340000000000  0.668892000000000  0.874089443555820
fg5mf1c0d1wk 0.000000000000000  0.010000000000000  0.021105527638191  0.046700000000000  0.076210000000000  0.719652505752736  0.884434216078348
fg5mf1c0d2wk 0.000000000000000  0.010000000000000  0.021000000000000  0.045729808751377  0.065995200206202  0.688676683676367  0.890722658926797
fg5mf1c0d3wk 0.300000000000000  0.010000000000000  0.022000000000000  0.043400000000000  0.063023698688108  0.731286063432593  0.907200072320783
fg2cf05c0 0.100000000000000  0.010000000000000  0.018000000000000  0.029000000000000  0.040410000000000  0.722050604074767  0.897629014777843
fg2cf05c1wk 0.100000000000000  0.010000000000000  0.023000000000000  0.050200000000000  0.046270000000000  0.726298778249908  0.900980366811976
fg2cf05c2wk 0.000000000000000  0.015000000000000  0.025500000000000  0.054850000000000  0.056530000000000  0.699985199261399  0.908415051389172
fg2cf05c3wk 0.300000000000000  0.010000000000000  0.026000000000000  0.062100000000000  0.080045705424459  0.778346371153860  0.941260634993753
fg8cf05c0 0.000000000000000  0.010000000000000  0.016000000000000  0.031800000000000  0.058250000000000  0.734238000000000  0.902500843208598
fg8cf05c1wk 0.000000000000000  0.020000000000000  0.023000000000000  0.054300000000000  0.064620436275540  0.736354000000000  0.904520611560955
fg8cf05c2wk 0.000000000000000  0.010000000000000  0.024060301507538  0.052850000000000  0.060075660069476  0.699831638949918  0.901824986314780
fg8cf05c3wk 0.300000000000000  0.020000000000000  0.026000000000000  0.060000000000000  0.077923667860313  0.775757163125112  0.940192441082326
fg5cf1cA0 0.000000000000000  0.010000000000000  0.017017017017017  0.030700000000000  0.039180000000000  0.727786000000000  0.898005474462919
fg5cf1cA1wk 0.000000000000000  0.020000000000000  0.022044088176353  0.052200000000000  0.064440239861449  0.729133894489674  0.902034183616354
fg5cf1cA2wk 0.100000000000000  0.010000000000000  0.026000000000000  0.055350000000000  0.057640000000000  0.705075205900412  0.909330587489572
fg5cf1cA3wk 0.300000000000000  0.020000000000000  0.027135678391960  0.061680184239511  0.079994694906090  0.780919559334015  0.942216160038979
fg5cf1cB0 0.000000000000000  0.010000000000000  0.019019019019019  0.032300000000000  0.040770000000000  0.727734000000000  0.898117120604244
fg5cf1cB1wk 0.000000000000000  0.010000000000000  0.023000000000000  0.053600000000000  0.046020000000000  0.729218000000000  0.902001506991336
fg5cf1cB2wk 0.000000000000000  0.010000000000000  0.023557788944724  0.055000000000000  0.057010000000000  0.704092704262409  0.909579209388688
fg5cf1cB3wk 0.300000000000000  0.030000000000000  0.028000000000000  0.061200000000000  0.079851865454657  0.780872501028775  0.942197548072880
fg5cf1cC0 0.100000000000000  0.010000000000000  0.017000000000000  0.031000000000000  0.061050000000000  0.727088000000000  0.897395166998562
fg5cf1cC1wk 0.000000000000000  0.020000000000000  0.023000000000000  0.054000000000000  0.064360152566297  0.729040890676518  0.902032403555069
fg5cf1cC2wk 0.150000000000000  0.015000000000000  0.023500000000000  0.056700000000000  0.057420000000000  0.704413204819410  0.909458066363082
fg5cf1cC3wk 0.300000000000000  0.030000000000000  0.029000000000000  0.062400000000000  0.079933482284047  0.780766369531850  0.942157665288384
fg5cf1cb1f1wk 0.700000000000000  0.940000000000000  0.984969939879760  0.990000000000000  0.996360000000000  0.998890954529136  0.999029383722269
fg5cf1cb1f2wk 0.650000000000000  0.795000000000000  0.897544698544699  0.930000000000000  0.990548015874974  0.997734401012895  0.998477982138767
fg5cf1cb1f3wk 0.600000000000000  0.770000000000000  0.883000000000000  0.913300000000000  0.987233827833283  0.995227990455981  0.998122833764868
fg5cf1cb1t1wk 0.000000000000000  0.020000000000000  0.023000000000000  0.050400000000000  0.038530000000000  0.726943000000000  0.900043694042410
fg5cf1cb1t2wk 0.300000000000000  0.010000000000000  0.024500000000000  0.051350000000000  0.059360000000000  0.704813707530415  0.911164508135133
fg5cf1cb1t3wk 0.300000000000000  0.020000000000000  0.028000000000000  0.056573545609292  0.079902875973026  0.779913312594304  0.942175612541407
fg5cf1cb2f1wk 0.500000000000000  0.820000000000000  0.958000000000000  0.986300000000000  0.995650000000000  0.998814000000000  0.999303233859052
fg5cf1cb2f2wk 0.500000000000000  0.795000000000000  0.949500000000000  0.981150000000000  0.995344526673400  0.997977000000000  0.999325765372944
fg5cf1cb2f3wk 0.700000000000000  0.840000000000000  0.975000000000000  0.997200000000000  0.998838734220300  0.999524000000000  0.999938354706377
fg5cf1cb2t1wk 0.000000000000000  0.020000000000000  0.023000000000000  0.050300000000000  0.041500000000000  0.727745000000000  0.906015740360574
fg5cf1cb2t2wk 0.200000000000000  0.015000000000000  0.024000000000000  0.051700000000000  0.061120000000000  0.706709209702419  0.910517997714253
fg5cf1cb2t3wk 0.300000000000000  0.020000000000000  0.027135678391960  0.057374586963052  0.086457892509522  0.779411691085255  0.941672424743678
fg5cf1cb3f1wk 0.400000000000000  0.490000000000000  0.829000000000000  0.957300000000000  0.985250000000000  0.996165000000000  0.998011190177137
fg5cf1cb3f2wk 0.400000000000000  0.510000000000000  0.797500000000000  0.955900000000000  0.987241408010012  0.995339943316770  0.998616717059885
fg5cf1cb3f3wk 0.500000000000000  0.550000000000000  0.830000000000000  0.964000000000000  0.994850000000000  0.997257000000000  0.999681178247045
fg5cf1cb3t1wk 0.100000000000000  0.030000000000000  0.019000000000000  0.060400000000000  0.046500000000000  0.739890000000000  0.911258058737865
fg5cf1cb3t2wk 0.000000000000000  0.020000000000000  0.018000000000000  0.057000000000000  0.062765000000000  0.734802538262392  0.917247472739543
fg5cf1cb3t3wk 0.300000000000000  0.030000000000000  0.022110552763819  0.058876539501352  0.092000280305533  0.780377888203484  0.941919033294481
fg5cf1cb4f1wk 0.200000000000000  0.180000000000000  0.266000000000000  0.730800000000000  0.928653613342805  0.975527000000000  0.991891841050225
fg5cf1cb4f2wk 0.300000000000000  0.185000000000000  0.269194386694387  0.740050000000000  0.929527852646652  0.977626918718520  0.992436472801877
fg5cf1cb4f3wk 0.400000000000000  0.170000000000000  0.280402010050251  0.760800000000000  0.965247388762897  0.982792000000000  0.997352373213413
fg5cf1cb4t1wk 0.100000000000000  0.020000000000000  0.029000000000000  0.050900000000000  0.071022005924672  0.764052677418932  0.919285132868805
fg5cf1cb4t2wk 0.000000000000000  0.020000000000000  0.029500000000000  0.051600000000000  0.067946944561997  0.733317855066928  0.920951766595633
fg5cf1cb4t3wk 0.300000000000000  0.020000000000000  0.033033033033033  0.053100000000000  0.080076311735480  0.788582053163870  0.945152530047524
fg5cf1cb5f1wk 0.200000000000000  0.170000000000000  0.210000000000000  0.338200000000000  0.770972974627368  0.942818000000000  0.984417093708762
fg5cf1cb5f2wk 0.200000000000000  0.160000000000000  0.190585085085085  0.339400000000000  0.779214164079485  0.939949269150035  0.985127620599314
fg5cf1cb5f3wk 0.800000000000000  0.280000000000000  0.250000000000000  0.556600000000000  0.866256648603167  0.946803089027305  0.986849554877626
fg5cf1cb5t1wk 0.100000000000000  0.020000000000000  0.029000000000000  0.050900000000000  0.065721636583876  0.739654000000000  0.910920114994273
fg5cf1cb5t2wk 0.100000000000000  0.015000000000000  0.029500000000000  0.053500000000000  0.058981429358000  0.714137084324160  0.913375239665342
fg5cf1cb5t3wk 0.300000000000000  0.030000000000000  0.031000000000000  0.059477320516672  0.082596275920440  0.788466910502112  0.944964416247316
fg5cf1cb6f1wk 0.500000000000000  0.540000000000000  0.657153266331658  0.725400000000000  0.767230000000000  0.912987432484732  0.973628777374911
fg5cf1cb6f2wk 0.700000000000000  0.640000000000000  0.807500000000000  0.840600000000000  0.830057788374205  0.929591019987667  0.979570683405837
fg5cf1cb6f3wk 0.800000000000000  0.740000000000000  0.856000000000000  0.909200000000000  0.890163009337635  0.950628458349460  0.985958601817050
fg5cf1cb6t1wk 0.100000000000000  0.050000000000000  0.051000000000000  0.089400000000000  0.063839799749687  0.742870457688765  0.920205700379736
fg5cf1cb6t2wk 0.100000000000000  0.040000000000000  0.050128140703518  0.073500000000000  0.061920000000000  0.748086235573110  0.925030798277621
fg5cf1cb6t3wk 0.300000000000000  0.040000000000000  0.045000000000000  0.080300000000000  0.099898889789871  0.792152476918903  0.945231630903441
fg5cf1cb7f1wk 0.300000000000000  0.060000000000000  0.081000000000000  0.095900000000000  0.088776737896743  0.784778000000000  0.922969453627888
fg5cf1cb7f2wk 0.300000000000000  0.065000000000000  0.077539039039039  0.062450000000000  0.082496400234105  0.764571781862683  0.934137407223451
fg5cf1cb7f3wk 0.400000000000000  0.060000000000000  0.075883575883576  0.065985781515971  0.089737621667372  0.815317177983522  0.954219881102772
fg5cf1cb7t1wk 0.100000000000000  0.190000000000000  0.195979899497487  0.370400000000000  0.785074174992431  0.907188000000000  0.971128014278968
fg5cf1cb7t2wk 0.100000000000000  0.155000000000000  0.179000000000000  0.367900000000000  0.776155000000000  0.900832000000000  0.971360886594436
fg5cf1cb7t3wk 0.400000000000000  0.200000000000000  0.187000000000000  0.439700000000000  0.820456150973862  0.902010591122401  0.973558541271402
fg5cf1cb15f1wk 0.200000000000000  0.170000000000000  0.199000000000000  0.337700000000000  0.771544292433100  0.942946000000000  0.984470706036498
fg5cf1cb15f2wk 0.250000000000000  0.200000000000000  0.223000000000000  0.354100000000000  0.788868990311838  0.940746552460436  0.985322912336924
fg5cf1cb15f3wk 0.500000000000000  0.230000000000000  0.218000000000000  0.514200000000000  0.850741749924311  0.946050156143462  0.986772844186274
fg5cf1cb15t1wk 0.100000000000000  0.020000000000000  0.032000000000000  0.053400000000000  0.049070000000000  0.741348000000000  0.911674031115141
fg5cf1cb15t2wk 0.100000000000000  0.010000000000000  0.035000000000000  0.055200000000000  0.062385000000000  0.719766028038619  0.917006390156887
fg5cf1cb15t3wk 0.300000000000000  0.030000000000000  0.034170854271357  0.061980574747171  0.078755818874312  0.789469152279675  0.945512804534141
fg5cf1cb56f1wk 0.200000000000000  0.110000000000000  0.141000000000000  0.306800000000000  0.702100000000000  0.916864000000000  0.975390711682802
fg5cf1cb56f2wk 0.150000000000000  0.100000000000000  0.116558558558559  0.319750000000000  0.706834079039488  0.912135408415817  0.977207230584177
fg5cf1cb56f3wk 0.700000000000000  0.310000000000000  0.234000000000000  0.507100000000000  0.812426705281299  0.925200323200445  0.980996346183800
fg5cf1cb56t1wk 0.000000000000000  0.050000000000000  0.052104208416834  0.097900000000000  0.057412071831374  0.753637000000000  0.924539112914954
fg5cf1cb56t2wk 0.000000000000000  0.040000000000000  0.044543086172345  0.073700000000000  0.055350000000000  0.745051246849494  0.926133916753956
fg5cf1cb56t3wk 0.300000000000000  0.060000000000000  0.043000000000000  0.082707519775708  0.096435114274559  0.801326843959666  0.948545890295089
fg5cf1cb67f1wk 0.300000000000000  0.030000000000000  0.032064128256513  0.052400000000000  0.077991077607777  0.780244000000000  0.923762123921991
fg5cf1cb67f2wk 0.300000000000000  0.035000000000000  0.035000000000000  0.053950000000000  0.075077772205694  0.786047776703553  0.935653014860198
fg5cf1cb67f3wk 0.400000000000000  0.030000000000000  0.024024024024024  0.057875237809152  0.075230312490436  0.800280547598475  0.949691855636285
fg5cf1cb67t1wk 0.000000000000000  0.220000000000000  0.224000000000000  0.375287874236507  0.823650000000000  0.926203000000000  0.978843073494051
fg5cf1cb67t2wk 0.150000000000000  0.190000000000000  0.208000000000000  0.385850000000000  0.829981832359634  0.920750500000000  0.980318862620365
fg5cf1cb67t3wk 0.400000000000000  0.170000000000000  0.205821205821206  0.463300000000000  0.856793070731185  0.924730000000000  0.979509428193382
fg5cf1cb567f1wk 0.300000000000000  0.030000000000000  0.021000000000000  0.059900000000000  0.081710000000000  0.767567802143792  0.926541150950744
fg5cf1cb567f2wk 0.300000000000000  0.030000000000000  0.023000000000000  0.061400000000000  0.077164378268801  0.760744214878310  0.929844180046007
fg5cf1cb567f3wk 0.400000000000000  0.020000000000000  0.024024024024024  0.054500000000000  0.078015486793377  0.792441835434103  0.946657108092649
fg5cf1cb567t1wk 0.000000000000000  0.150000000000000  0.250000000000000  0.743700000000000  0.940970000000000  0.974803555944927  0.992938284159533
fg5cf1cb567t2wk 0.050000000000000  0.190000000000000  0.262148241206030  0.756950000000000  0.950757952776504  0.973073231095295  0.992550410460410
fg5cf1cb567t3wk 0.300000000000000  0.160000000000000  0.253638253638254  0.750400000000000  0.962956161560514  0.978545000000000  0.997706923504933
