ureps-01wk 0.000000000000000  0.000000000000000  0.000000000000000  0.007803121248499  0.037340373403734  0.571552000000000  0.787544079703217
ureps-12wk 0.000000000000000  0.000000000000000  0.001000000000000  0.007600000000000  0.044064064064064  0.611324000000000  0.814146129708794
ureps-23wk 0.000000000000000  0.000000000000000  0.000000000000000  0.006105023540018  0.039845000000000  0.582439466634314  0.826914400783453
ureps-34wk 0.000000000000000  0.000000000000000  0.001000000000000  0.005711995189899  0.036713304197378  0.633910000000000  0.863134852278795
ereps-01wk 0.000000000000000  0.000000000000000  0.002000000000000  0.008900000000000  0.053140000000000  0.552934000000000  0.766377781426694
ereps-12wk 0.000000000000000  0.180000000000000  0.052000000000000  0.026000000000000  0.061680000000000  0.574488000000000  0.817977849086058
ereps-23wk 0.000000000000000  0.195000000000000  0.033500000000000  0.027600000000000  0.055915000000000  0.572954105393908  0.832191172345143
ereps-34wk 0.000000000000000  0.230000000000000  0.051000000000000  0.033000000000000  0.053385234254608  0.629475000000000  0.862933645787324
creps-01wk 0.200000000000000  0.000000000000000  0.008000000000000  0.081000000000000  0.728627286272863  0.941779128973256  0.987247293864072
creps-12wk 0.100000000000000  0.000000000000000  0.010000000000000  0.094537815126050  0.692716251900456  0.904817000000000  0.959230699547052
creps-23wk 0.200000000000000  0.000000000000000  0.007119464469619  0.059750000000000  0.360569773981919  0.783720642196500  0.935984846665596
creps-34wk 0.300000000000000  0.000000000000000  0.003000000000000  0.029800000000000  0.313198617554566  0.766983000000000  0.922770217962399
rreps-01wk 0.000000000000000  0.000000000000000  0.002610966057441  0.012841987716360  0.542215422154222  0.971429379865293  0.993020570818020
rreps-12wk 0.000000000000000  0.010000000000000  0.004405286343612  0.023200000000000  0.619361936193619  0.928290201902734  0.962260492635100
rreps-23wk 0.000000000000000  0.000000000000000  0.008962435316867  0.020850355003514  0.512086498028387  0.812561500000000  0.936544117647673
rreps-34wk 0.300000000000000  0.010000000000000  0.007812500000000  0.039104638619202  0.406018980380119  0.755786301724164  0.922704410286395
rreps7m-01wk 0.000000000000000  0.000000000000000  0.002515723270440  0.037343560758983  0.480689613792276  0.917851066285892  0.985781704178964
rreps7m-12wk 0.000000000000000  0.000000000000000  0.003095975232198  0.054718875502008  0.691531373409390  0.905358950764142  0.959299363455829
rreps7m-23wk 0.000000000000000  0.000000000000000  0.004513422818792  0.049494774435754  0.668862934282792  0.780452842288056  0.931703548266387
rreps7m-34wk 0.300000000000000  0.010000000000000  0.005000000000000  0.042900000000000  0.351798806137575  0.752984674349454  0.922716355982779
urepsB-12wk 0.000000000000000  0.000000000000000  0.000000000000000  0.007900000000000  0.043495246776924  0.611668000000000  0.814028365704308
urepsB-23wk 0.000000000000000  0.000000000000000  0.000000000000000  0.005850000000000  0.039935398907978  0.581031949626172  0.826459473763683
urepsC-12wk 0.000000000000000  0.000000000000000  0.000000000000000  0.005800000000000  0.046260000000000  0.650423181708345  0.851605479343454
urepsC-23wk 0.000000000000000  0.000000000000000  0.001000000000000  0.004455388471178  0.042230000000000  0.614050500000000  0.854081682317393
rreps7m-02wk 0.000000000000000  0.000000000000000  0.001964636542240  0.030388125564136  0.686016368551642  0.866690568435767  0.954811892602230
ureps-02wk 0.000000000000000  0.000000000000000  0.000000000000000  0.006600000000000  0.037370373703737  0.578506000000000  0.799573333113473
ureps-13wk 0.000000000000000  0.000000000000000  0.000000000000000  0.005300000000000  0.040950950950951  0.618713000000000  0.823247025367341
ureps-24wk 0.000000000000000  0.000000000000000  0.000000000000000  0.003600000000000  0.036430000000000  0.597235127216744  0.844109748388840
rreps0d-12wk 0.000000000000000  0.000000000000000  0.000000000000000  0.029500000000000  0.610372207444149  0.878077000000000  0.960883242507650
rreps0d-23wk 0.000000000000000  0.000000000000000  0.008962435316867  0.020850355003514  0.512086498028387  0.812561500000000  0.936544117647673
rreps7m-13wk 0.000000000000000  0.000000000000000  0.003000000000000  0.024245472837022  0.425159794900611  0.794758000000000  0.907798878471433
rreps7m-24wk 0.000000000000000  0.000000000000000  0.006331002331002  0.006310929173040  0.050354802194093  0.683451000000000  0.888623561750205
lj1m-01wk 0.000000000000000  0.140000000000000  0.271000000000000  0.184700000000000  0.137320000000000  0.679490433454782  0.870050229064792
lj1m-12wk 0.000000000000000  0.150000000000000  0.300000000000000  0.199500000000000  0.128200000000000  0.663771912008796  0.871178332857292
lj1m-23wk 0.000000000000000  0.130000000000000  0.173000000000000  0.117600000000000  0.098207318000761  0.655712394898156  0.878867468420333
lj1m-34wk 0.300000000000000  0.070000000000000  0.076000000000000  0.072600000000000  0.070330000000000  0.647526000000000  0.888919331480684
lj1u-01wk 0.000000000000000  0.020000000000000  0.025000000000000  0.032900000000000  0.056150000000000  0.640791511447826  0.842974657268994
lj1u-12wk 0.200000000000000  0.030000000000000  0.021000000000000  0.032000000000000  0.055650000000000  0.656551000000000  0.847727862926302
lj1u-23wk 0.000000000000000  0.015050505050505  0.017000000000000  0.029050000000000  0.042999981437817  0.599702000000000  0.850647203653121
lj1u-34wk 0.300000000000000  0.010000000000000  0.012000000000000  0.024700000000000  0.044070000000000  0.632712000000000  0.872535755669454
lj1c-01wk 0.000000000000000  0.170000000000000  0.249000000000000  0.139300000000000  0.204614797864226  0.920238413575609  0.971695220844511
lj1c-12wk 0.100000000000000  0.230000000000000  0.303000000000000  0.140800000000000  0.344886140984891  0.901451569965392  0.938083741871718
lj1c-23wk 0.100000000000000  0.200000000000000  0.169000000000000  0.107050000000000  0.377415044135358  0.764990736039349  0.919176290691363
lj1c-34wk 0.300000000000000  0.130000000000000  0.116000000000000  0.082700000000000  0.391706827309237  0.778595000000000  0.931757024054709
lj2m-01wk 0.000000000000000  0.160000000000000  0.281000000000000  0.192400000000000  0.132420000000000  0.667811624607400  0.868156311104846
lj2m-12wk 0.000000000000000  0.160000000000000  0.299000000000000  0.187200000000000  0.122130000000000  0.666643000000000  0.870387713254532
lj2m-23wk 0.000000000000000  0.110000000000000  0.161500000000000  0.111200000000000  0.096065000000000  0.650053000000000  0.877164163485300
lj2m-34wk 0.300000000000000  0.080000000000000  0.062000000000000  0.080300000000000  0.070940436048548  0.637525000000000  0.885836678233481
lj2u-01wk 0.000000000000000  0.010000000000000  0.023000000000000  0.033300000000000  0.054130000000000  0.636682996103981  0.842390746780035
lj2u-12wk 0.100000000000000  0.020000000000000  0.023000000000000  0.034400000000000  0.054360000000000  0.656728000000000  0.848074599087104
lj2u-23wk 0.100000000000000  0.020000000000000  0.014007007007007  0.030500000000000  0.043801335980159  0.588657500000000  0.852167220075253
lj2u-34wk 0.300000000000000  0.010000000000000  0.012000000000000  0.024600000000000  0.043790581573339  0.615069784269529  0.865660978866923
lj2c-01wk 0.100000000000000  0.180000000000000  0.272000000000000  0.145300000000000  0.196144559843636  0.917840140816898  0.969412260490777
lj2c-12wk 0.100000000000000  0.200000000000000  0.280000000000000  0.140500000000000  0.327995125984595  0.901640722422272  0.937044611132575
lj2c-23wk 0.100000000000000  0.205000000000000  0.168500000000000  0.105400000000000  0.372664797858307  0.764693911944137  0.919013910832088
lj2c-34wk 0.300000000000000  0.120000000000000  0.118000000000000  0.081900000000000  0.390840000000000  0.779099000000000  0.931766805316473
lj5m-01wk 0.000000000000000  0.150000000000000  0.279000000000000  0.171300000000000  0.110820000000000  0.659929000000000  0.855015545416603
lj5m-12wk 0.000000000000000  0.140000000000000  0.248000000000000  0.157500000000000  0.103230000000000  0.669739000000000  0.860253570679399
lj5m-23wk 0.000000000000000  0.135000000000000  0.142500000000000  0.110400000000000  0.083995420754208  0.591545087414175  0.861835049757884
lj5m-34wk 0.300000000000000  0.090000000000000  0.060000000000000  0.072800000000000  0.066570000000000  0.604016156837590  0.868010157480623
lj5u-01wk 0.000000000000000  0.020000000000000  0.022000000000000  0.035400000000000  0.052520000000000  0.616074558238314  0.841826509330219
lj5u-12wk 0.000000000000000  0.010000000000000  0.019000000000000  0.036400000000000  0.055080000000000  0.639135000000000  0.846597876244997
lj5u-23wk 0.000000000000000  0.015000000000000  0.012500000000000  0.028150000000000  0.043920000000000  0.573442000000000  0.852580287491290
lj5u-34wk 0.300000000000000  0.010000000000000  0.010000000000000  0.020800000000000  0.042080000000000  0.592908000000000  0.859791605570751
lj5c-01wk 0.200000000000000  0.220000000000000  0.283000000000000  0.164900000000000  0.187470000000000  0.911162000000000  0.951499517134899
lj5c-12wk 0.100000000000000  0.200000000000000  0.265000000000000  0.145400000000000  0.287695090093107  0.895141000000000  0.938056013785639
lj5c-23wk 0.100000000000000  0.285000000000000  0.173500000000000  0.110350000000000  0.325249461156732  0.775885779094896  0.923367368314515
lj5c-34wk 0.300000000000000  0.110000000000000  0.098000000000000  0.079400000000000  0.381680000000000  0.781799000000000  0.931748014191222
fg5uf1u-01wk 0.100000000000000  0.030000000000000  0.026000000000000  0.043100000000000  0.061560000000000  0.613681000000000  0.850863168251403
fg5uf1u-12wk 0.300000000000000  0.060000000000000  0.022000000000000  0.039900000000000  0.056630000000000  0.644671157931652  0.850034178516198
fg5uf1u-23wk 0.000000000000000  0.040000000000000  0.017000000000000  0.032450000000000  0.042771898720885  0.596294301350301  0.857988665529355
fg5uf1u-34wk 0.300000000000000  0.010000000000000  0.016000000000000  0.025500000000000  0.046228881032739  0.621026332934894  0.870196896527183
fg5mf1u-01wk 0.000000000000000  0.130000000000000  0.313000000000000  0.209600000000000  0.146050000000000  0.685000523336444  0.875644216056161
fg5mf1u-12wk 0.000000000000000  0.130000000000000  0.294000000000000  0.190900000000000  0.129680000000000  0.683952000000000  0.874681051102768
fg5mf1u-23wk 0.000000000000000  0.145000000000000  0.153500000000000  0.122200000000000  0.100590000000000  0.637039814329276  0.873318068635222
fg5mf1u-34wk 0.300000000000000  0.130000000000000  0.071000000000000  0.082400000000000  0.073030000000000  0.636440000000000  0.889468863478189
fg5uf1m-01wk 0.100000000000000  0.040000000000000  0.024000000000000  0.043500000000000  0.057340000000000  0.648649000000000  0.856675040967232
fg5uf1m-12wk 0.100000000000000  0.040000000000000  0.026000000000000  0.039400000000000  0.055260000000000  0.661683000000000  0.860034428159161
fg5uf1m-23wk 0.100000000000000  0.050000000000000  0.019500000000000  0.035880737253331  0.046367858404947  0.649627005329840  0.868661894126605
fg5uf1m-34wk 0.300000000000000  0.050000000000000  0.028000000000000  0.027900000000000  0.047175107261719  0.649798000000000  0.883966286180343
fg2uf05m-01wk 0.200000000000000  0.050000000000000  0.034000000000000  0.036500000000000  0.060230000000000  0.650067000000000  0.855949730571483
fg2uf05m-12wk 0.300000000000000  0.080000000000000  0.028000000000000  0.039100000000000  0.058110000000000  0.660833000000000  0.858032620772435
fg2uf05m-23wk 0.050000000000000  0.080000000000000  0.023500000000000  0.036750000000000  0.046329273504274  0.651780076692074  0.868728606472432
fg2uf05m-34wk 0.400000000000000  0.160000000000000  0.038000000000000  0.047000000000000  0.049790000000000  0.699826000000000  0.899193533639340
fg8uf05m-01wk 0.100000000000000  0.020000000000000  0.021000000000000  0.039100000000000  0.051473897952447  0.670657796688878  0.849996622983391
fg8uf05m-12wk 0.100000000000000  0.030000000000000  0.018000000000000  0.037900000000000  0.054600000000000  0.659556000000000  0.860192340177145
fg8uf05m-23wk 0.400000000000000  0.030000000000000  0.015500000000000  0.031200000000000  0.046293352038762  0.648057498166539  0.869102983315909
fg8uf05m-34wk 0.400000000000000  0.060000000000000  0.024000000000000  0.023911955977989  0.044010000000000  0.694311182317591  0.898962349812695
fg5mf1m-01wk 0.000000000000000  0.160000000000000  0.310000000000000  0.191900000000000  0.132130000000000  0.732932296748355  0.888416694303847
fg5mf1m-12wk 0.100000000000000  0.180000000000000  0.294000000000000  0.174700000000000  0.115115399167613  0.709862524715568  0.885976934728986
fg5mf1m-23wk 0.100000000000000  0.145000000000000  0.187000000000000  0.134350000000000  0.090880268358925  0.693004016161396  0.890634835683088
fg5mf1m-34wk 0.400000000000000  0.090000000000000  0.088000000000000  0.100100000000000  0.070599651853779  0.693893778755751  0.903650690738616
fg2uf05c-01wk 0.300000000000000  0.050000000000000  0.033000000000000  0.036500000000000  0.052240000000000  0.641535000000000  0.850759304181329
fg2uf05c-12wk 0.300000000000000  0.060000000000000  0.029000000000000  0.038300000000000  0.051820000000000  0.648160000000000  0.854074480348026
fg2uf05c-23wk 0.200000000000000  0.075000000000000  0.025000000000000  0.034600000000000  0.043301366823019  0.651046952740923  0.866555486255084
fg2uf05c-34wk 0.300000000000000  0.040000000000000  0.027000000000000  0.034517258629315  0.047197876496219  0.668139178653561  0.883583639437277
fg2uf05c0d-01wk 0.000000000000000  0.020000000000000  0.026000000000000  0.033900000000000  0.054040000000000  0.640281000000000  0.852045569481176
fg2uf05c0d-12wk 0.200000000000000  0.020000000000000  0.022000000000000  0.032200000000000  0.049190000000000  0.645698000000000  0.857835664556937
fg2uf05c0d-23wk 0.100000000000000  0.020000000000000  0.016000000000000  0.027300000000000  0.040701228043778  0.650027500000000  0.868261553500083
fg2uf05c0d-34wk 0.400000000000000  0.030000000000000  0.023000000000000  0.029500000000000  0.042261690467619  0.722884070235244  0.904341749220288
fg2uf05c7m-01wk 0.200000000000000  0.070000000000000  0.032000000000000  0.032500000000000  0.052730000000000  0.642756045779546  0.851842896954871
fg2uf05c7m-12wk 0.300000000000000  0.070000000000000  0.026000000000000  0.036800000000000  0.049590000000000  0.646012000000000  0.857043384531939
fg2uf05c7m-23wk 0.200000000000000  0.080000000000000  0.023000000000000  0.030950000000000  0.041110184072126  0.648392500000000  0.866610888114320
fg2uf05c7m-34wk 0.300000000000000  0.060000000000000  0.028000000000000  0.031000000000000  0.044593009852760  0.684535160816447  0.891069733576479
fg8uf05c-01wk 0.500000000000000  0.040000000000000  0.023000000000000  0.031500000000000  0.048100000000000  0.664027223622164  0.854175204608857
fg8uf05c-12wk 0.400000000000000  0.040000000000000  0.016000000000000  0.032900000000000  0.046022301115056  0.647552140734279  0.857108939507254
fg8uf05c-23wk 0.200000000000000  0.020000000000000  0.017000000000000  0.023950000000000  0.042117128573776  0.631870000000000  0.865640922214307
fg8uf05c-34wk 0.300000000000000  0.030000000000000  0.014000000000000  0.022900000000000  0.043320866417328  0.701291836232241  0.888054747116500
fg8uf05c0d-01wk 0.000000000000000  0.010000000000000  0.019000000000000  0.031100000000000  0.047590000000000  0.657925000000000  0.857102165904801
fg8uf05c0d-12wk 0.111111111111111  0.010000000000000  0.012000000000000  0.028100000000000  0.044320000000000  0.671143227007019  0.857306369185496
fg8uf05c0d-23wk 0.100000000000000  0.005000000000000  0.009000000000000  0.016359274193548  0.039564011989267  0.653997522722875  0.869962035991859
fg8uf05c0d-34wk 0.500000000000000  0.010000000000000  0.009000000000000  0.014004201260378  0.040280000000000  0.736015000000000  0.904187959450339
fg8uf05c7m-01wk 0.500000000000000  0.050000000000000  0.018000000000000  0.031500000000000  0.047970000000000  0.661348167115875  0.856418540943230
fg8uf05c7m-12wk 0.500000000000000  0.050000000000000  0.016000000000000  0.029700000000000  0.044810000000000  0.660225261350864  0.857613340065111
fg8uf05c7m-23wk 0.200000000000000  0.025000000000000  0.012000000000000  0.020400000000000  0.041430691081791  0.642374345308144  0.872232900195528
fg8uf05c7m-34wk 0.300000000000000  0.020000000000000  0.016000000000000  0.018600000000000  0.042100000000000  0.722088000000000  0.901648043633955
fg5mf1c-01wk 0.200000000000000  0.200000000000000  0.460000000000000  0.276200000000000  0.126850000000000  0.720186470883561  0.889087889942020
fg5mf1c-12wk 0.100000000000000  0.250000000000000  0.384000000000000  0.217600000000000  0.107650000000000  0.712462295931588  0.888290950426808
fg5mf1c-23wk 0.150000000000000  0.240000000000000  0.163000000000000  0.132350000000000  0.082126509542654  0.701168932217427  0.890829119886772
fg5mf1c-34wk 0.400000000000000  0.140000000000000  0.103000000000000  0.086400000000000  0.066500000000000  0.714459565490759  0.900255741903452
fg5mf1c0d-01wk 0.000000000000000  0.280000000000000  0.246000000000000  0.134600000000000  0.103350000000000  0.685096560106301  0.871694838347296
fg5mf1c0d-12wk 0.000000000000000  0.300000000000000  0.246000000000000  0.122000000000000  0.089690000000000  0.707499000000000  0.888402475587498
fg5mf1c0d-23wk 0.000000000000000  0.170000000000000  0.128500000000000  0.101690369326759  0.076449041493714  0.697194892413418  0.893903580019612
fg5mf1c0d-34wk 0.300000000000000  0.110000000000000  0.082000000000000  0.071400000000000  0.063214694829076  0.730380000000000  0.907498971017605
fg2cf05c-01wk 0.100000000000000  0.280000000000000  0.336000000000000  0.163600000000000  0.208269289886259  0.926151000000000  0.973481714967104
fg2cf05c-12wk 0.100000000000000  0.230000000000000  0.310000000000000  0.154100000000000  0.342321475395507  0.903686371215199  0.937912221544161
fg2cf05c-23wk 0.200000000000000  0.310000000000000  0.183000000000000  0.105100000000000  0.392466945211361  0.763187676298311  0.918693943552602
fg2cf05c-34wk 0.300000000000000  0.180000000000000  0.116000000000000  0.080400000000000  0.392770000000000  0.777382000000000  0.931757309167118
fg8cf05c-01wk 0.200000000000000  0.430000000000000  0.296000000000000  0.141582940332171  0.314870000000000  0.924872000000000  0.972368343088354
fg8cf05c-12wk 0.100000000000000  0.340000000000000  0.250000000000000  0.140739584958652  0.345420667908843  0.893929000000000  0.948635175538851
fg8cf05c-23wk 0.100000000000000  0.220000000000000  0.158000000000000  0.104850000000000  0.402719135166251  0.778912971489491  0.927412525096244
fg8cf05c-34wk 0.300000000000000  0.120000000000000  0.086000000000000  0.073300000000000  0.372118869775918  0.774796000000000  0.929290309648856
fg5cf1cA-01wk 0.100000000000000  0.310000000000000  0.362000000000000  0.168500000000000  0.213560000000000  0.913417531000856  0.966483333005054
fg5cf1cA-12wk 0.100000000000000  0.280000000000000  0.298000000000000  0.156500000000000  0.327186198691255  0.896321000000000  0.937915311050529
fg5cf1cA-23wk 0.200000000000000  0.300000000000000  0.179000000000000  0.113550000000000  0.372871729981887  0.770249615995041  0.920997179046784
fg5cf1cA-34wk 0.300000000000000  0.180000000000000  0.116000000000000  0.079800000000000  0.386287876512808  0.779952000000000  0.931821491128166
fg5cf1cB-01wk 0.300000000000000  0.280000000000000  0.358000000000000  0.164300000000000  0.190860000000000  0.919955000000000  0.970905717960123
fg5cf1cB-12wk 0.200000000000000  0.310000000000000  0.319000000000000  0.153800000000000  0.330759518259518  0.902632021409256  0.938748895928534
fg5cf1cB-23wk 0.100000000000000  0.315000000000000  0.165000000000000  0.107350000000000  0.387305368366821  0.769441530984808  0.920108421097394
fg5cf1cB-34wk 0.300000000000000  0.160000000000000  0.107000000000000  0.083300000000000  0.386845374043355  0.779905000000000  0.931830037409283
fg5cf1cC-01wk 0.100000000000000  0.300000000000000  0.351000000000000  0.161300000000000  0.291710000000000  0.914729531591608  0.970980633714155
fg5cf1cC-12wk 0.100000000000000  0.300000000000000  0.298000000000000  0.154600000000000  0.327982667782756  0.896336000000000  0.938161811377771
fg5cf1cC-23wk 0.350000000000000  0.320000000000000  0.177500000000000  0.110050000000000  0.380574703623710  0.770022190172858  0.920566067625711
fg5cf1cC-34wk 0.300000000000000  0.150000000000000  0.111000000000000  0.081700000000000  0.386094081820732  0.779799000000000  0.931809889456090
fg5cf1cb1f-12wk 0.800000000000000  0.960000000000000  0.991000000000000  0.997300000000000  0.998670000000000  0.999697000000000  0.999875928152644
fg5cf1cb1f-23wk 0.700000000000000  0.950000000000000  0.983000000000000  0.992550000000000  0.996205000000000  0.998662000000000  0.999640293089145
fg5cf1cb1t-12wk 0.200000000000000  0.240000000000000  0.300000000000000  0.149800000000000  0.309039625130795  0.895073000000000  0.938154700394433
fg5cf1cb1t-23wk 0.400000000000000  0.245000000000000  0.163500000000000  0.101400000000000  0.326460045774611  0.768869769283493  0.923240121224223
fg5cf1cb5f-12wk 0.600000000000000  0.690000000000000  0.734000000000000  0.765700000000000  0.916160000000000  0.972021000000000  0.992052753142869
fg5cf1cb5f-23wk 0.300000000000000  0.285000000000000  0.400500000000000  0.612100000000000  0.841340000000000  0.955202000000000  0.987578163285652
fg5cf1cb5t-12wk 0.400000000000000  0.370000000000000  0.309000000000000  0.147800000000000  0.356068152031455  0.881487682503162  0.941130031918176
fg5cf1cb5t-23wk 0.200000000000000  0.240000000000000  0.180500000000000  0.117700000000000  0.442562350100338  0.770397934671256  0.924714308739001
fg5cf1cb6f-12wk 0.600000000000000  0.580000000000000  0.702000000000000  0.788100000000000  0.866520000000000  0.944882895729187  0.984592835097988
fg5cf1cb6f-23wk 0.800000000000000  0.880000000000000  0.923000000000000  0.880250000000000  0.904251575387213  0.951004500000000  0.986517338902790
fg5cf1cb6t-12wk 0.100000000000000  0.320000000000000  0.388000000000000  0.309700000000000  0.431151390864287  0.882113089281170  0.948831640566902
fg5cf1cb6t-23wk 0.300000000000000  0.310000000000000  0.235500000000000  0.217600000000000  0.425751704430752  0.812042069254747  0.939734348806235
fg5cf1cb7f-12wk 0.500000000000000  0.390000000000000  0.431000000000000  0.310000000000000  0.777762219577328  0.883519088391770  0.955129817486411
fg5cf1cb7f-23wk 0.500000000000000  0.450000000000000  0.377853707414830  0.248650000000000  0.536595000000000  0.843141242805092  0.947677385268505
fg5cf1cb7t-12wk 0.400000000000000  0.660000000000000  0.696000000000000  0.756453872323394  0.895960000000000  0.954372179194153  0.983800766675621
fg5cf1cb7t-23wk 0.400000000000000  0.690000000000000  0.690000000000000  0.748300000000000  0.881664945226604  0.947785784430689  0.984408510756258
fg5cf1cb56f-12wk 0.800000000000000  0.700000000000000  0.727000000000000  0.760300000000000  0.874808732785951  0.949494796860991  0.983627710985728
fg5cf1cb56f-23wk 0.250000000000000  0.251578947368421  0.434500000000000  0.613930648064806  0.803290000000000  0.931050603448437  0.981926201796341
fg5cf1cb56t-12wk 0.300000000000000  0.340000000000000  0.318000000000000  0.316200000000000  0.537227112396327  0.895081205985695  0.949254562340531
fg5cf1cb56t-23wk 0.200000000000000  0.295000000000000  0.235000000000000  0.255200000000000  0.446200000000000  0.813989913779084  0.940106890681677
fg5cf1cb567f-12wk 0.300000000000000  0.160000000000000  0.081000000000000  0.202000000000000  0.298117686959471  0.862587465101399  0.945065804390364
fg5cf1cb567f-23wk 0.400000000000000  0.085000000000000  0.068555350553506  0.115900000000000  0.345322381549241  0.806580947815644  0.936472819625684
fg5cf1cb567t-12wk 0.400000000000000  0.690000000000000  0.691000000000000  0.856800000000000  0.964812992125984  0.989792000000000  0.995844334184756
fg5cf1cb567t-23wk 0.200000000000000  0.625000000000000  0.679500000000000  0.853200000000000  0.959844799447994  0.984075500000000  0.994966440805061
