dreps 4.678217614895354e+03  3.248071234278839e+03  1.107128221455104e+04  4.456596074013687e+04  2.037954942598774e+06  6.772917937559036e-02  1.756868020644391e-04
ureps0 4.143827512715571e+29  5.933067953800387e+29  3.501012790584193e+29  2.966670531078335e+29  2.966359377644599e+29  6.380289748170838e+04  1.302215237846726e-04
ureps1wk 5.118623186769757e+09  5.576089043226944e+29  3.716253572002442e+29  2.991946645799330e+29  2.850734914717751e+29  1.966780054934388e+04  6.323386895585592e-05
ureps2wk 9.529297244408553e+06  6.000323101432614e+29  3.494446082134328e+29  3.020695392243128e+29  3.591665040513055e+28  8.519101543872746e+03  6.079698877070757e-05
ureps3wk 1.191224579648776e+05  6.032931581775664e+04  1.190798404902151e+07  4.456596074013687e+04  2.037954942598774e+06  9.814775063820047e-01  1.488529636517409e-04
ureps4wk 5.289042642728193e+03  1.032078769037128e+04  3.335305733126510e+04  4.456596074013687e+04  2.037954942598774e+06  1.139965351916810e-01  1.757303954875307e-04
urepsB0 4.501615700406049e+18  5.937066623455826e+29  3.497120754809113e+29  2.968688725472688e+29  2.968377897983139e+29  6.069301066576307e+04  1.299163985104956e-04
urepsB1wk 5.028359581728400e+10  5.270549282609143e+29  3.695903568586420e+29  2.993315442039307e+29  2.787980495334988e+29  2.625161926798694e+04  6.332834377520898e-05
urepsB2wk 7.558131240381027e+04  5.823973762634178e+29  3.563062396337921e+29  3.024066442779963e+29  3.590102782441855e+28  9.376434043844647e+03  6.129422291500487e-05
urepsB3wk 5.292641955780740e+04  6.032931581775664e+04  1.190798404902151e+07  4.456596074013687e+04  2.037954942598774e+06  9.814775063820047e-01  1.488529636517409e-04
urepsB4wk 5.154146993788234e+03  1.032078769037128e+04  3.335305733126510e+04  4.456596074013687e+04  2.037954942598774e+06  1.139965351916810e-01  1.757303954875307e-04
urepsC0 1.877861086590442e+10  6.321584337640842e+29  5.019130646098604e+29  3.146065327867391e+29  3.145095877034825e+28  2.418422961170851e+05  2.502573651188343e-03
urepsC1wk 2.126549535363734e+09  6.297303007161770e+29  5.019008620617791e+29  3.145911574480886e+29  3.332250414499200e+28  1.128133606590002e+04  3.161656711830656e-04
urepsC2wk 5.974923391725755e+10  6.320896566620694e+29  4.077748371340714e+29  3.144710601320713e+29  3.566730973031900e+28  4.692580263096610e+03  4.075056719229094e-04
urepsC3wk 6.260372769838982e+04  6.032931581775664e+04  1.190798404902151e+07  4.456596074013687e+04  2.037954942598774e+06  9.814775063820047e-01  3.205720862381816e-04
urepsC4wk 5.154146993788234e+03  1.032078769037128e+04  3.335305733126510e+04  4.456596074013687e+04  2.037954942598774e+06  1.139965351916810e-01  1.757303954875307e-04
ereps0 6.923076529649734e+07  3.991987934669544e+04  4.274326980204719e+05  1.684958117341335e+07  2.925725321524208e+11  2.068316432239614e+02  2.966610240075251e-04
ereps1wk 6.113517758339179e+05  1.698169342992826e+02  1.180573438988466e+03  7.589129139060119e+07  1.785125200203668e+13  1.755200117793926e+01  1.639462401181477e-04
ereps2wk 1.102929531375451e+05  1.665516538008384e+02  1.768116154565781e+04  1.910384690234260e+09  4.887051875579277e+14  5.846518669290047e+01  3.738628528533652e-04
ereps3wk 5.815536255529865e+04  6.497736657499672e+03  6.556637850357108e+04  4.456596074013687e+04  2.037954942598774e+06  3.859134203357819e-01  1.829730237579978e-04
ereps4wk 5.289042642728193e+03  3.248071234278839e+03  3.335305733126510e+04  4.456596074013687e+04  2.037954942598774e+06  1.139965351916810e-01  1.757303954875307e-04
creps0 1.628363046190067e+29  0.000000000000000e+00  0.000000000000000e+00  0.000000000000000e+00  9.999999999999993e-23  9.999947160057127e+07  9.999874876279418e-18
creps1wk 9.491574521332447e+28  0.000000000000000e+00  0.000000000000000e+00  0.000000000000000e+00  9.877134718797715e-20  9.999306409963524e+05  1.439072131218894e-17
creps2wk 8.501138111548080e+14  0.000000000000000e+00  0.000000000000000e+00  0.000000000000000e+00  1.000000000000000e+00  1.250317289134248e+03  7.640988687163361e-16
creps3wk 1.458601705895216e+05  1.032078769037128e+04  2.040522673127501e+04  3.299111523069226e+03  1.977282061668090e+04  1.000000000000000e+00  1.488529636517409e-04
creps4wk 5.289042642728193e+03  9.532410085625255e+03  1.200456431847953e+04  2.110589491088004e+04  6.867183587431505e+05  1.139965351916810e-01  1.757303954875307e-04
rreps0 1.434174568118071e+04  4.869209576506682e+06  2.261488177754274e+04  1.000000000000000e+00  9.999994523718132e-14  9.999456072682831e+05  0.000000000000000e+00
rreps1wk 2.424768482123221e+03  1.505651268528478e+06  1.606349425849761e+03  1.000000000000000e+00  9.999999999999988e-14  9.918089840760329e+05  0.000000000000000e+00
rreps2wk 2.181848754953464e+03  1.476199507330505e+03  1.161703302069932e+05  1.000000000000000e+00  5.265210508693217e-10  4.655309146648758e+04  0.000000000000000e+00
rreps3wk 5.218613327376705e+03  2.118785555691327e+04  2.298153264605784e+04  3.027015421696352e+03  2.559145555104816e+02  3.791101712262129e-01  1.488529636517409e-04
rreps4wk 4.678217614895358e+03  9.532410085625255e+03  1.552600770483883e+04  2.408398415512104e+04  2.829880564870703e+04  1.139965351916810e-01  1.757303954875307e-04
rreps0d0 0.000000000000000e+00  0.000000000000000e+00  0.000000000000000e+00  0.000000000000000e+00  0.000000000000000e+00  0.000000000000000e+00  1.980197774132005e-17
rreps0d1wk 0.000000000000000e+00  0.000000000000000e+00  0.000000000000000e+00  0.000000000000000e+00  0.000000000000000e+00  0.000000000000000e+00  1.818179674716933e-17
rreps0d2wk 2.181848754953464e+03  1.476199507330505e+03  1.161703302069932e+05  1.000000000000000e+00  5.265210508693217e-10  4.655309146648758e+04  0.000000000000000e+00
rreps0d3wk 5.218613327376705e+03  2.118785555691327e+04  2.298153264605784e+04  3.027015421696352e+03  2.559145555104816e+02  3.791101712262129e-01  1.488529636517409e-04
rreps0d4wk 4.678217614895358e+03  9.532410085625255e+03  1.552600770483883e+04  2.408398415512104e+04  2.829880564870703e+04  1.139965351916810e-01  1.757303954875307e-04
rreps7m0 2.160870596290506e+04  5.710556188376749e+06  1.000000000000000e+00  1.000000000000000e+00  8.358550454378177e-11  9.997916575388664e+07  9.999903269930482e-14
rreps7m1wk 4.602892644559201e+03  9.310375644393047e+03  3.448726745169968e+03  1.000000000000000e+00  5.071381018784805e-12  9.883163049501328e+07  9.996084559588761e-14
rreps7m2wk 1.931429714287094e+03  6.029709904190495e+02  6.556637850357108e+04  1.000000000000000e+00  3.196856787662759e-10  5.113507794210095e+05  5.138058201200691e-12
rreps7m3wk 5.264571353891143e+03  2.364828407400188e+04  1.107128221455104e+04  3.299111523069226e+03  2.559145555104816e+02  9.814775063820047e-01  1.488529636517409e-04
rreps7m4wk 4.729897000638659e+03  9.532410085625255e+03  1.200456431847953e+04  2.332600239457560e+04  2.829880564870703e+04  1.139965351916810e-01  1.757303954875307e-04
lj1m0 3.294460998219423e+04  2.356838293037091e+03  6.889429814214084e+02  6.216482295898812e+03  1.785358727193900e+22  9.379819802928564e+02  3.306728211293548e-03
lj1m1wk 9.555045280128032e+03  1.586261546835325e+03  5.349708273827358e+02  4.127054708210201e+03  4.346361140927096e+28  3.817207688978436e+02  6.218570716577115e-03
lj1m2wk 5.867516157747838e+03  1.231465218094998e+03  6.032550393777847e+02  3.299111523069226e+03  5.891583397096599e+28  3.048317077548618e+02  8.398972031754603e-03
lj1m3wk 3.500764568618824e+03  6.497736657499671e+03  7.164950086701926e+03  4.619646199040390e+03  2.037954942598774e+06  1.000000000000000e+00  5.322631664435275e-03
lj1m4wk 3.893920583695681e+03  5.071474631225426e+03  1.107128221455104e+04  1.786081519610355e+04  2.037954942598774e+06  1.528136109082961e-01  4.227967874627997e-04
lj1u0 1.931381014719734e+06  4.301544743165391e+04  3.334757404356542e+04  1.966291326134201e+04  3.145417539190582e+29  1.441204844582230e+02  1.187753460486421e-02
lj1u1wk 6.037442390272954e+01  4.763498572669132e+03  9.035724579373302e+03  1.015395330045651e+04  3.145119335521879e+29  1.923441010080781e+02  1.170064710296473e-02
lj1u2wk 1.967820651720063e+01  4.885703078016946e+03  9.620938529549372e+03  6.085219231699696e+03  3.144813477165926e+29  1.793121471246199e+02  1.153454015305546e-02
lj1u3wk 2.378308566623921e+03  8.945174100787764e+03  1.107128221455104e+04  1.004616655762606e+04  2.037954942598774e+06  1.000000000000000e+00  5.282862404352357e-03
lj1u4wk 4.326364123639474e+03  6.497736657499671e+03  1.107128221455104e+04  2.277614893069697e+04  2.037954942598774e+06  1.528136109082961e-01  4.227967874627997e-04
lj2m0 9.534319320303281e+03  1.046227764497797e+03  3.228992284890120e+02  1.531039942483007e+03  3.785267539164646e+15  2.513828026024779e+02  5.497937556653912e-04
lj2m1wk 5.998355355847061e+03  8.389686269067471e+02  2.788682919013060e+02  1.202146068452602e+03  3.308770332598163e+28  7.619529780115249e+01  6.230174678279526e-04
lj2m2wk 5.562077055320037e+03  9.341487426204394e+02  3.830252573381831e+02  1.427329631257453e+03  3.743223375597274e+28  6.238263888139159e+01  2.502652044377007e-03
lj2m3wk 4.729897000638659e+03  6.497736657499671e+03  7.164950086701926e+03  3.275402030241288e+03  2.037954942598774e+06  1.000000000000000e+00  1.778471844495479e-03
lj2m4wk 3.890195035180898e+03  5.039954068490042e+03  1.107128221455104e+04  1.786081519610355e+04  2.037954942598774e+06  1.528136109082961e-01  2.561376902737475e-04
lj2u0 2.119211218603755e+07  4.248104912115520e+04  2.513701595536819e+04  1.424248001209304e+04  3.145443018730349e+29  7.611630746970792e+01  1.476735855420314e-03
lj2u1wk 6.448896519235404e+03  1.477839366596228e+04  1.169000354905369e+04  8.550107362421266e+03  3.145369658956639e+29  9.987257526387702e+01  2.084449963284241e-03
lj2u2wk 7.145284334447754e+01  7.168344805531122e+03  1.107128221455104e+04  6.360683154112828e+03  3.145245124534371e+29  1.035429811800704e+02  2.420415259663564e-03
lj2u3wk 2.103674619657800e+03  9.532410085625255e+03  1.241610047452137e+04  9.578681981514907e+03  2.037954942598774e+06  1.000000000000000e+00  1.031480393121313e-03
lj2u4wk 3.890195035180898e+03  8.080188543631933e+03  1.107128221455104e+04  2.335937908518765e+04  2.037954942598774e+06  1.528136109082961e-01  1.757303954875307e-04
lj5m0 6.082239032498314e+03  7.820669723183123e+02  1.970548389124008e+02  2.483082798555101e+02  5.996658133987238e+07  3.226435942949667e+00  6.120401987326867e-05
lj5m1wk 5.673286019993371e+03  5.206701080784220e+02  1.655204271738439e+02  2.464047144486649e+02  6.110665518244546e+11  1.028501651166130e+00  4.181186003715393e-05
lj5m2wk 3.868860158843690e+03  5.661667882619271e+02  3.182441553726819e+02  8.011814620260559e+02  3.038016024152506e+28  1.132096654418212e+00  4.164281899328414e-05
lj5m3wk 3.008757286166497e+03  4.018561728170412e+03  7.164950086701926e+03  2.182191392432973e+03  2.037954942598774e+06  1.000000000000000e+00  1.488529636517409e-04
lj5m4wk 3.890195035180898e+03  3.560668346711600e+03  1.107128221455104e+04  1.786081519610355e+04  2.037954942598774e+06  1.528136109082961e-01  1.757303954875307e-04
lj5u0 2.805622588195000e+12  9.517484792725774e+04  3.119305822978919e+04  8.684187550302708e+03  3.131306608551068e+29  1.523400461556131e+01  3.967288868730774e-05
lj5u1wk 4.572722262873578e+07  5.784543185500665e+04  2.482766694030234e+04  6.009691217139024e+03  3.145157771598275e+29  1.499484718723598e+01  3.946791128549449e-05
lj5u2wk 6.408603943975015e+03  3.267314189817122e+04  2.543870792162872e+04  4.755773523968555e+03  3.131141221424231e+29  1.569138616103271e+01  3.859632843301742e-05
lj5u3wk 2.378308566623921e+03  1.032078769037128e+04  1.895359511117668e+04  1.546984325248170e+04  2.037954942598774e+06  1.000000000000000e+00  1.488529636517409e-04
lj5u4wk 4.678217614895358e+03  1.032078769037128e+04  1.219922503265289e+04  2.573875816761990e+04  2.037954942598774e+06  1.528136109082961e-01  1.757303954875307e-04
lj1c0 1.889388074835823e+03  4.267866497815223e+02  2.025003572061057e+02  1.553743260975441e+05  5.058543605734269e+03  1.080231548240942e+01  1.000000000000000e+00
lj1c1wk 1.274039262489810e+03  3.091724571322304e+02  1.326605965561440e+02  9.321023932937151e+04  3.139260025940618e+03  1.175472970412362e+01  9.933697001194878e-01
lj1c2wk 1.236832552653115e+03  3.661537730499877e+02  1.470773407438394e+02  8.428113603442389e+04  5.068046977944867e+02  9.918410929391257e+00  4.322641219412527e-01
lj1c3wk 2.042704648886466e+03  2.542314869359901e+03  7.164950086701926e+03  2.110589491088004e+04  5.612608816996042e+02  1.000000000000000e+00  9.274021617605242e-02
lj1c4wk 3.890195035180898e+03  6.497736657499671e+03  1.107128221455104e+04  1.786081519610355e+04  2.829880564870703e+04  1.528136109082961e-01  4.227967874627997e-04
lj2c0 7.634386163191492e+02  1.800925306469247e+02  6.769874127141313e+01  2.411123442875992e+04  1.680637270896265e+04  1.856172235481465e+01  1.000000000000000e+00
lj2c1wk 6.501004505210948e+02  1.587812397261587e+02  5.693107764487210e+01  1.178037824895587e+04  1.859807279643344e+04  1.350203700782851e+01  9.942535202882463e-01
lj2c2wk 6.246602990491550e+02  1.574980012566454e+02  6.199652101158505e+01  1.783755142379225e+04  6.663044935738583e+02  1.376666831201597e+01  4.014705384103746e-01
lj2c3wk 1.286730983257244e+03  1.482908098343228e+03  5.136891209886887e+03  1.635110323251156e+04  5.099876723980742e+02  1.000000000000000e+00  9.493580813210423e-02
lj2c4wk 3.890195035180898e+03  6.292034143643527e+03  1.107128221455104e+04  1.786081519610355e+04  2.829880564870703e+04  1.528136109082961e-01  4.227967874627997e-04
lj5c0 4.553916308298881e+02  7.683440789975741e+01  2.796635577595648e+01  3.059207434054035e+01  5.317400757550450e+04  2.444112747215112e+01  9.117488767531675e-01
lj5c1wk 4.126395651933854e+02  7.199509664129710e+01  2.517645696359751e+01  2.175032584693938e+01  6.255026477722334e+04  2.330153903865104e+01  9.752604632764956e-01
lj5c2wk 4.184805857055941e+02  8.246568195926584e+01  2.833179268230752e+01  4.755964282508644e+02  7.429679544679783e+02  1.621561514998796e+01  3.900515028439026e-01
lj5c3wk 6.367654945958797e+02  1.478900368566611e+03  3.841869820300445e+03  2.849516064919321e+03  4.400689197975788e+02  1.000000000000000e+00  7.233191163550440e-02
lj5c4wk 3.629996895003423e+03  3.248071234278839e+03  1.068407866932742e+04  1.642431978111980e+04  2.829880564870703e+04  1.528136109082961e-01  4.227967874627997e-04
fg5uf1u0 7.390077193825765e+01  5.225228478996048e+02  1.152328211098838e+03  6.157000919927405e+02  3.131486790833278e+29  1.000000000000000e+00  2.414264655847375e-04
fg5uf1u1wk 1.931836267488439e+01  3.516135785115663e+02  1.440345424280725e+03  8.959274823648309e+02  3.144678440360772e+29  1.232175648337043e+00  3.966489474653445e-04
fg5uf1u2wk 2.164133206093761e+01  6.322445596369769e+02  2.875906921232684e+03  1.373134178862127e+03  3.144683446498061e+29  1.214175382861736e+00  2.687630099097905e-04
fg5uf1u3wk 4.513852424480988e+02  2.770255226712152e+03  5.725079217688974e+03  8.504842991158755e+03  2.037954942598774e+06  9.999999999974825e-01  1.488529636517409e-04
fg5uf1u4wk 3.629996895003423e+03  3.248071234278839e+03  7.164950086701926e+03  1.642431978111980e+04  2.037954942598774e+06  1.528136109082961e-01  1.757303954875307e-04
fg5mf1u0 1.428626458831678e+03  2.149701457907692e+02  5.223478377218861e+01  6.540272748289954e+01  4.874624747556403e+06  3.870681640940157e-01  4.423824825417563e-05
fg5mf1u1wk 7.670127011848990e+02  1.664510638891777e+02  4.318874486011016e+01  4.561270408768633e+01  3.482104388822196e+09  6.015515217714795e-01  1.514101714997774e-04
fg5mf1u2wk 1.213442980107742e+03  1.541177930152988e+02  7.320862661949512e+01  8.669839722685734e+01  5.506366148827295e+15  4.659573412476752e-01  1.534568277910879e-04
fg5mf1u3wk 7.569451736992095e+02  1.478900368566611e+03  1.500573609921499e+03  8.544804249332145e+02  2.037954942598774e+06  3.957915498642814e-01  1.488529636517409e-04
fg5mf1u4wk 3.629996895003423e+03  3.248071234278839e+03  7.164950086701926e+03  1.642431978111980e+04  2.037954942598774e+06  1.528136109082961e-01  1.757303954875307e-04
fg5uf1m0 1.033819187582011e+02  3.997893744972901e+03  1.052209530788160e+04  8.400702717435957e+03  3.145370511064154e+29  1.271455223586626e+02  8.103832784246345e-03
fg5uf1m1wk 3.494581615767201e+01  2.761444060692716e+03  8.839779081539098e+03  6.775744782582300e+03  3.144881442767720e+29  1.293788276994413e+02  6.366008363607331e-03
fg5uf1m2wk 6.725470296482261e+01  2.849298758544523e+03  1.005294112763612e+04  6.716754130307560e+03  3.145312388540951e+29  1.149156684507901e+02  9.537565112884335e-03
fg5uf1m3wk 3.973816952270454e+02  5.030340948009809e+03  9.747701688541491e+03  1.431182397265024e+04  2.037954942598774e+06  1.000000000000000e+00  3.427345737969345e-03
fg5uf1m4wk 3.629996895003423e+03  3.248071234278839e+03  7.164950086701926e+03  1.786081519610355e+04  2.037954942598774e+06  1.528136109082961e-01  3.358163728887792e-04
fg5mf1m0 4.660986980526704e+02  2.697511785261061e+02  1.930236576848354e+02  2.168336526356068e+03  3.952072384424365e+16  2.331208006714709e+02  1.184166873415229e-03
fg5mf1m1wk 3.346374469558941e+03  8.347614068719969e+02  4.472923475772869e+02  3.209977438834667e+03  3.148001811862842e+28  1.922719169547042e+02  1.838035385303527e-02
fg5mf1m2wk 2.685859964890347e+03  7.123845278654931e+02  4.010197860428393e+02  2.630501674263101e+03  2.707729752435703e+29  1.434107000116148e+02  2.337762382807899e-02
fg5mf1m3wk 1.478879371237763e+03  1.478900368566611e+03  1.106212885010672e+03  3.299111523069226e+03  2.037954942598774e+06  1.000000000000000e+00  8.431445637453547e-03
fg5mf1m4wk 3.629996895003423e+03  3.248071234278839e+03  7.164950086701926e+03  1.642431978111980e+04  2.037954942598774e+06  1.528136109082961e-01  3.358163728887792e-04
fg8uf05m0 1.241052973365467e+03  1.897500485440728e+05  2.210333022939268e+04  1.413748751507884e+04  3.145742697167767e+29  1.508649208106466e+02  3.103873584967856e-02
fg8uf05m1wk 3.458159702433500e+02  5.169315785365777e+04  1.631599616953789e+04  5.003489156530273e+03  3.145679403460750e+29  1.118474246198855e+02  4.680737105075147e-03
fg8uf05m2wk 2.322204195276706e+02  1.243583404591252e+04  1.374758380205617e+04  4.641323207695328e+03  3.145344954430877e+29  1.032162396172652e+02  7.445717795156981e-03
fg8uf05m3wk 9.350558629741925e+02  8.437580591606496e+03  1.326208629690243e+04  2.224859449938226e+04  2.037954942598774e+06  1.000000000000000e+00  1.142412664537731e-03
fg8uf05m4wk 7.722265155603310e+02  9.716682742649104e+03  1.402624896380936e+04  2.046225072905746e+04  2.037954942598774e+06  9.814775063820047e-01  3.627855829241695e-03
fg2uf05m0 5.680602540492361e+01  1.641798548439627e+03  5.200638793940727e+03  6.735451317368292e+03  3.144628641224913e+29  1.574844250005370e+02  1.190173464058841e-02
fg2uf05m1wk 1.284880517163484e+01  1.555027405564696e+03  4.861626936460440e+03  5.628002173348923e+03  3.144867025292917e+29  2.060480709501311e+02  1.454776990680454e-02
fg2uf05m2wk 4.034210278978467e+01  1.220758242809454e+03  5.448895509460594e+03  6.548819583875395e+03  3.144723462546362e+29  1.641158791444781e+02  1.471103495672516e-02
fg2uf05m3wk 2.402685442742933e+02  2.443696702077956e+03  7.164950086701926e+03  7.557570302984121e+03  2.037954942598774e+06  1.000000000000000e+00  1.037783999229609e-02
fg2uf05m4wk 1.213442980107742e+03  3.248071234278839e+03  7.856044203741612e+03  8.378969550810118e+03  2.037954942598774e+06  9.814775063820047e-01  1.280790458119226e-02
fg5mf1c0 2.644262368610149e+02  8.294271937340774e+01  3.776914902065374e+01  1.734892663766596e+02  3.702330730586802e+28  2.767694992283933e+02  4.323559593397158e-03
fg5mf1c1wk 2.692407741235044e+02  8.474957754354679e+01  3.345608546981308e+01  1.072715823667752e+02  6.199711134400487e+28  3.117737159367957e+02  2.296278723866938e-02
fg5mf1c2wk 3.740183036176783e+02  1.124480986088018e+02  1.091025820383721e+02  1.168802357834290e+03  2.920161650654545e+29  2.457383577116383e+02  2.410008340896269e-02
fg5mf1c3wk 8.375564981725350e+02  1.478900368566611e+03  1.106212885010672e+03  4.188965246857407e+03  2.037954942598774e+06  1.000000000000000e+00  1.032297440490050e-02
fg5mf1c4wk 3.629996895003423e+03  3.248071234278839e+03  7.164950086701926e+03  1.642431978111980e+04  2.037954942598774e+06  1.528136109082961e-01  4.227967874627997e-04
fg5mf1c0d0 8.641747681527020e+03  2.786764846511242e+02  1.382191547107317e+03  1.694224970892078e+04  3.145019441655359e+29  5.050328710340980e+01  9.999999999999992e-21
fg5mf1c0d1wk 9.189488923924453e+02  2.063893530788416e+02  7.943124635104878e+02  1.283447161520569e+04  3.144983518654690e+29  4.386239576798872e+01  7.861850873787264e-17
fg5mf1c0d2wk 8.943425786239603e+02  1.955233791926751e+02  7.809003355958505e+02  9.787892233552713e+03  3.145003318570485e+29  4.951496685550209e+01  2.068254024790810e-08
fg5mf1c0d3wk 9.591021167236951e+02  4.534539110301807e+03  8.467027396746595e+03  9.608013809114835e+03  2.037954942598774e+06  1.000000000000000e+00  3.358163728887792e-04
fg5mf1c0d4wk 3.629996895003423e+03  4.360835202777408e+03  1.107128221455104e+04  1.786081519610355e+04  2.037954942598774e+06  1.528136109082961e-01  1.757303954875307e-04
fg8uf05c0d0 4.227282863787192e+05  3.511795478464407e+05  1.132710249390761e+05  7.409273185143151e+04  3.145530398421195e+29  1.000000299888110e+02  9.999999999999992e-22
fg8uf05c0d1wk 7.282677959912767e+02  1.367282452768877e+05  4.448332493568659e+04  2.360479718859733e+04  3.145429019717627e+29  6.215626924506842e+01  3.629527946246320e-20
fg8uf05c0d2wk 3.071760098846002e+03  1.929284314217349e+04  2.590605464323580e+04  3.183229450921660e+04  3.144770010511007e+29  1.023840552014331e+02  6.024355093877145e-03
fg8uf05c0d3wk 2.217426498632590e+03  1.435635391220125e+04  2.064052296854500e+04  2.738348039796062e+04  2.037954942598774e+06  1.000000000000000e+00  3.358163728887792e-04
fg8uf05c0d4wk 2.378308566623921e+03  1.388722510547411e+04  2.142438592223601e+04  4.456596074013687e+04  2.037954942598774e+06  9.814775063820047e-01  3.358163728887792e-04
fg2uf05c0d0 1.624078285772324e+03  1.401652317741555e+04  2.805020320027032e+04  3.416454082771215e+04  3.145377000788865e+29  3.596208853690257e+01  6.984663664496323e-03
fg2uf05c0d1wk 1.563126542938686e+02  2.005757119091777e+03  9.055447290509632e+03  1.491427472117325e+04  3.144749950982160e+29  4.696473527937096e+01  2.404698357858033e-02
fg2uf05c0d2wk 2.339634082758110e+02  3.825541591991327e+03  9.083085071920101e+03  1.292600558065954e+04  3.145084167639557e+29  7.535947018701512e+01  1.811191390201652e-02
fg2uf05c0d3wk 7.919112500816110e+02  7.768659284964820e+03  1.206100896536733e+04  1.321192774335389e+04  2.037954942598774e+06  1.000000000000000e+00  4.146830383581557e-03
fg2uf05c0d4wk 1.366675829703561e+03  8.778331964192368e+03  1.107128221455104e+04  1.490145632624099e+04  2.037954942598774e+06  9.814775063820047e-01  2.747167468245714e-03
fg8uf05c7m0 4.790350177733245e+02  1.891130092600503e+04  2.622133938432027e+04  3.414726733191304e+03  3.144228802463067e+29  2.094123763418459e+02  3.134009696755185e-02
fg8uf05c7m1wk 4.539093804513903e+02  4.734897256011493e+03  2.134041952995251e+04  4.938678095627476e+03  3.144039400671255e+29  1.736264019376273e+02  1.063300960210952e-01
fg8uf05c7m2wk 5.239270613033461e+02  8.957939118183995e+03  2.273934363014752e+04  3.558350271305659e+03  3.143811942663847e+29  1.030619619828808e+02  1.000467627581565e-01
fg8uf05c7m3wk 2.348763979284040e+03  1.032078769037128e+04  2.351536130057631e+04  2.224859449938226e+04  2.037954942598774e+06  1.000000000000000e+00  5.554697200428396e-02
fg8uf05c7m4wk 3.629996895003423e+03  6.497736657499671e+03  1.200456431847953e+04  2.738348039796062e+04  2.037954942598774e+06  1.528136109082961e-01  4.227967874627997e-04
fg2uf05c7m0 6.501397254490356e+02  1.247022249929912e+03  6.576711011243387e+03  1.266775688686542e+04  3.144618814368949e+29  1.253981213814399e+02  1.183562286638662e-01
fg2uf05c7m1wk 2.735802151042203e+02  7.485893941052038e+02  5.467136093952832e+03  8.200558313605874e+03  3.144944210244069e+29  1.068176053618159e+02  2.376079128726254e-01
fg2uf05c7m2wk 3.872038207329556e+02  1.976296830647017e+03  6.792368827469762e+03  1.034627622835365e+04  3.144166541135988e+29  1.011869126189295e+02  1.320378684946161e-01
fg2uf05c7m3wk 1.451679359023933e+03  2.652783578377173e+03  8.082898985174460e+03  1.327479007644714e+04  2.037954942598774e+06  1.000000000000000e+00  1.057364292082646e-01
fg2uf05c7m4wk 3.629996895003423e+03  3.248071234278839e+03  8.982409267948151e+03  2.021480034757644e+04  2.037954942598774e+06  1.528136109082961e-01  4.227967874627997e-04
fg8uf05c0 2.925214592888344e+02  1.270930908349963e+04  2.663318368717946e+04  3.830303509741841e+03  3.144041975790722e+29  2.298433492577959e+02  1.013478614477811e-02
fg8uf05c1wk 5.034024020234863e+02  8.487507679721641e+03  2.282531197388519e+04  6.969177723625950e+03  3.144176202262556e+29  2.619169395858927e+02  2.621086029476058e-02
fg8uf05c2wk 5.809070757176073e+02  8.566482959907122e+03  2.170375195098016e+04  3.299111523069226e+03  3.144214471697489e+29  1.548753111754293e+02  3.926497010976399e-02
fg8uf05c3wk 2.269911481570567e+03  9.716682742649104e+03  2.079190590092676e+04  2.224859449938226e+04  2.037954942598774e+06  1.000000000000000e+00  7.608088429582077e-03
fg8uf05c4wk 3.667888536100654e+03  6.497736657499671e+03  1.200456431847953e+04  2.738348039796062e+04  2.037954942598774e+06  1.528136109082961e-01  4.227967874627997e-04
fg2uf05c0 4.786643920366798e+02  1.205403952557928e+03  7.565557185168849e+03  1.363903755148382e+04  3.144438959949479e+29  3.281698226642342e+02  4.315403243913010e-02
fg2uf05c1wk 3.203113615355394e+02  1.191802753350945e+03  6.112476284023919e+03  9.931681069920231e+03  3.144816934402926e+29  3.125708317296009e+02  6.736254449666795e-02
fg2uf05c2wk 4.055340076884522e+02  1.985354212103418e+03  6.678714628343338e+03  9.002273420281172e+03  3.143911812727586e+29  1.885926513463118e+02  4.713344406047685e-02
fg2uf05c3wk 1.414945222199197e+03  2.149295722492785e+03  9.558385156018743e+03  1.327479007644714e+04  2.037954942598774e+06  1.000000000000000e+00  3.036416700791983e-02
fg2uf05c4wk 3.629996895003423e+03  4.929507586764573e+03  8.783078051550159e+03  1.947878036063771e+04  2.037954942598774e+06  1.528136109082961e-01  4.227967874627997e-04
fg8cf05c0 8.166893381345889e+02  2.737931948812321e+02  6.491660488574815e+03  4.971955182442836e+04  3.622166426548240e+02  8.101844197907840e+01  1.000000000000000e+00
fg8cf05c1wk 5.380677349374059e+02  2.365551440579440e+02  7.446404239456990e+02  6.954466698169368e+04  5.202658902046728e+02  8.313735400875251e+01  1.000000000000000e+00
fg8cf05c2wk 7.958355686169489e+02  6.583037227581922e+02  1.666806443770029e+04  2.554131662759407e+04  3.699617392114819e+02  7.074481294033535e+01  1.000000000000000e+00
fg8cf05c3wk 2.528637612715882e+03  3.569115467233778e+03  2.351536130057631e+04  1.550723749823132e+04  7.297913707758989e+02  1.000000000000000e+00  9.927465332330045e-01
fg8cf05c4wk 3.629996895003423e+03  3.248071234278839e+03  1.107128221455104e+04  2.110589491088004e+04  2.829880564870703e+04  1.528136109082961e-01  4.227967874627997e-04
fg2cf05c0 5.756204117851505e+02  2.699020904971882e+02  2.575056264514852e+02  3.399459240364904e+05  1.620341756446418e+03  2.010119606969019e+01  1.000000000000000e+00
fg2cf05c1wk 4.316577940721493e+02  1.587545438808131e+02  8.405913316697206e+01  2.589665048220153e+05  1.166082867180929e+03  1.322167915203812e+01  1.000000000000000e+00
fg2cf05c2wk 6.252843847753680e+02  7.139614684845391e+02  1.107128221455104e+04  1.721751183365302e+05  6.179310326678241e+02  1.841819816539381e+01  4.659040506212249e-01
fg2cf05c3wk 1.730364581035998e+03  1.478900368566611e+03  1.736056085798513e+04  2.110589491088004e+04  8.202487305972488e+02  1.000000000000000e+00  1.224032403903458e-01
fg2cf05c4wk 3.629996895003423e+03  3.248071234278839e+03  1.031950888203476e+04  2.110589491088004e+04  2.829880564870703e+04  1.528136109082961e-01  4.227967874627997e-04
fg5cf1cA0 3.660036800161852e+02  1.295501130479887e+02  9.159910588874934e+01  6.888085152249553e+04  1.000000039507723e+03  2.624972138884334e+01  1.000000000000000e+00
fg5cf1cA1wk 3.557137164545225e+02  1.469067011147886e+02  8.810571971450197e+01  6.048659292869278e+04  1.755569095179445e+03  1.969822531805021e+01  1.000000000000000e+00
fg5cf1cA2wk 4.691473319751701e+02  1.713502017482812e+02  1.948173050206694e+02  1.790046335129526e+04  6.987393497469659e+02  2.571679132973199e+01  6.176813096916535e-01
fg5cf1cA3wk 1.627508446738573e+03  1.478900368566611e+03  5.172057949858539e+03  1.786081519610355e+04  6.954512856442352e+02  1.000000000000000e+00  2.068850611563329e-01
fg5cf1cA4wk 3.629996895003423e+03  3.248071234278839e+03  7.605838750862136e+03  1.786081519610355e+04  2.829880564870703e+04  1.528136109082961e-01  4.227967874627997e-04
fg5cf1cB0 5.291722516260563e+02  1.307963391635288e+02  8.387378924782260e+01  5.619570725731712e+04  1.712133578929585e+03  2.201400949561933e+01  1.000000000000000e+00
fg5cf1cB1wk 2.910529269986441e+02  1.103532577542841e+02  5.475962276376856e+01  2.606486062459245e+04  1.519552066749901e+03  1.848022564878894e+01  1.000000000000000e+00
fg5cf1cB2wk 4.959257959522641e+02  2.872716653563975e+02  1.106212885010672e+03  3.832912140443829e+04  6.291308803567387e+02  3.453626885895297e+01  5.423239348891037e-01
fg5cf1cB3wk 1.235130383412552e+03  1.478900368566611e+03  7.164950086701926e+03  2.024510128579672e+04  8.190668554807066e+02  1.000000000000000e+00  1.972369981539675e-01
fg5cf1cB4wk 3.629996895003423e+03  3.248071234278839e+03  8.507504925657604e+03  1.786081519610355e+04  2.829880564870703e+04  1.528136109082961e-01  4.227967874627997e-04
fg5cf1cC0 3.467812613530498e+02  1.489049810871600e+02  8.890660716451407e+01  5.841697708810691e+04  9.537237942247122e+02  2.804339505245691e+01  1.000000000000000e+00
fg5cf1cC1wk 4.790899555478637e+02  1.347046689959702e+02  7.346287261364134e+01  5.185111521613874e+04  1.901666389777947e+03  2.047489730352848e+01  1.000000000000000e+00
fg5cf1cC2wk 4.711530753083158e+02  2.341621839028985e+02  4.535441035392085e+02  1.539274619163710e+04  7.106086646450065e+02  2.941025995275432e+01  5.762253264548206e-01
fg5cf1cC3wk 1.213442980107742e+03  1.478900368566611e+03  7.164950086701926e+03  2.110589491088004e+04  7.895487883860004e+02  1.000000000000000e+00  1.956441663700220e-01
fg5cf1cC4wk 3.629996895003423e+03  3.248071234278839e+03  7.164950086701926e+03  1.854667634142523e+04  2.829880564870703e+04  1.528136109082961e-01  4.227967874627997e-04
fg5cf1cb1f1wk 3.930712828173882e+01  6.337997986531736e+03  1.567347584951164e+04  4.115722274765572e+04  8.644997090256312e+05  6.748572467855604e-02  1.683396125283364e-04
fg5cf1cb1f2wk 3.577818312851708e+00  6.534821494818271e+03  1.134018162627584e+04  4.271254020386255e+04  8.312120043756984e+05  6.749478774403124e-02  1.680809956664237e-04
fg5cf1cb1f3wk 5.817185945966339e+02  6.497736657499671e+03  1.307716905118345e+04  4.456596074013687e+04  1.102052234131236e+06  6.772917937559036e-02  1.649428716052592e-04
fg5cf1cb1t1wk 3.619256089983548e+02  9.975170313359025e+01  4.047268086703431e+01  4.210407883904339e+03  2.290820728796917e+02  1.287271402527968e+01  1.000000000000000e+00
fg5cf1cb1t2wk 6.539928215370380e+02  2.194996007301758e+02  6.404662997744244e+02  1.012303807902547e+04  2.673352738131281e+02  2.040153492245504e+01  6.440081683970760e-01
fg5cf1cb1t3wk 2.072738465733926e+03  1.578679587022800e+03  2.040522673127501e+04  1.786081519610355e+04  6.207687526031759e+02  1.000000000000000e+00  1.693945495349852e-01
fg5cf1cb2f1wk 2.232359120113917e+02  1.893359703563454e+03  7.753289412916999e+03  3.682143424098469e+04  1.554586859029598e+06  6.937090074725775e-02  1.735806042265996e-04
fg5cf1cb2f2wk 9.634430262308575e+01  1.590699204596750e+03  1.107128221455104e+04  3.908979208730438e+04  1.573055914843722e+06  6.968779266420642e-02  1.739074850048709e-04
fg5cf1cb2f3wk 7.879013221067768e+02  2.243234509306255e+03  9.264334841079875e+03  4.456596074013687e+04  2.037954942598774e+06  6.772917937559036e-02  1.757303954875307e-04
fg5cf1cb2t1wk 4.040127543840421e+02  1.064714649435278e+02  4.901246039316160e+01  7.016904890481838e+03  2.174023137907074e+02  2.676503796925487e+01  1.000000000000000e+00
fg5cf1cb2t2wk 6.888431846167556e+02  1.846486658958702e+02  1.260122787836429e+02  8.335465602107810e+03  2.674475220991378e+02  2.508514647239229e+01  5.586905564009162e-01
fg5cf1cb2t3wk 2.052518355414236e+03  1.478900368566611e+03  7.164950086701926e+03  1.509875029972608e+04  5.528026394865038e+02  1.000000000000000e+00  1.931189976923675e-01
fg5cf1cb3f1wk 8.874957498058008e+01  2.023778266805409e+02  3.385666345608080e+03  2.839479895266042e+04  1.487865723002293e+06  7.013811425303604e-02  1.782502155675144e-04
fg5cf1cb3f2wk 3.490054329773190e+02  8.340219295093711e+02  7.164950086701926e+03  2.746132277130646e+04  1.450348948420382e+06  7.100808050333526e-02  1.769962107812314e-04
fg5cf1cb3f3wk 1.004168739549648e+03  1.478900368566611e+03  5.010162652297339e+03  4.456596074013687e+04  2.037954942598774e+06  6.772917937559036e-02  1.757303954875307e-04
fg5cf1cb3t1wk 3.857916964519738e+02  1.275686742239117e+02  4.832900672556377e+01  2.301859799295542e+02  3.131959212954037e+01  3.895353769246402e+00  1.000000000000000e+00
fg5cf1cb3t2wk 5.931471033973833e+02  2.443579053727937e+02  3.115778241665244e+02  2.431268307096959e+03  4.020738375956138e+01  1.800623665307703e+01  6.765499916012998e-01
fg5cf1cb3t3wk 2.378308566623921e+03  1.478900368566611e+03  8.295976754616571e+03  7.716195075965132e+03  3.831704021608966e+02  1.000000000000000e+00  1.808196692748796e-01
fg5cf1cb4f1wk 2.024432784267743e+02  4.073255734618655e+02  7.877562311589511e+02  2.065336920345132e+03  1.397192096795104e+06  1.047670796902287e-01  2.204100716984978e-04
fg5cf1cb4f2wk 3.438732583360091e+02  5.078737051130639e+02  8.338277150373315e+02  4.252336467366715e+03  3.170933690471103e+06  1.067699419605391e-01  2.174259448288735e-04
fg5cf1cb4f3wk 1.709801167152249e+03  1.717439727130123e+03  1.411475329109712e+03  2.738348039796062e+04  2.037954942598774e+06  8.427232536264695e-02  1.757303954875307e-04
fg5cf1cb4t1wk 3.701617756799214e+02  2.065564915424940e+02  8.221819607511044e+02  2.519866695409114e+02  1.274564735645750e+00  1.006313192207679e+00  1.000000000000000e+00
fg5cf1cb4t2wk 4.549422784056402e+02  4.710851437995252e+02  8.197994142022868e+03  7.210288901620402e+02  2.077585970027975e+01  7.549567578847872e+00  6.233163302221426e-01
fg5cf1cb4t3wk 2.378308566623921e+03  1.987335385370033e+03  1.062184339134860e+04  3.027015421696352e+03  2.559145555104816e+02  1.000000000000000e+00  2.240232584323565e-01
fg5cf1cb5f1wk 1.033952380570744e+03  8.273586397451451e+02  6.320664466792065e+03  1.903810409990625e+02  2.971089106575038e+05  1.000000000000000e+00  2.072539704460932e-04
fg5cf1cb5f2wk 1.808529052448660e+03  9.751419631263532e+02  7.164950086701926e+03  2.607593503530046e+02  6.407711529866714e+05  3.469202140073792e-01  2.458150867675325e-04
fg5cf1cb5f3wk 1.693787227808760e+03  1.722920654579789e+03  2.283042404516641e+03  1.595220854054629e+04  2.037954942598774e+06  2.007691873579100e-01  1.764714896947457e-04
fg5cf1cb5t1wk 4.401932028442498e+02  1.393002985022457e+02  8.021772230975650e+01  3.502963414042325e+04  5.126578372603520e+01  2.522257772863242e+01  1.000000000000000e+00
fg5cf1cb5t2wk 5.063243301572966e+02  2.762926834971714e+02  7.765593204203360e+02  1.953736670550406e+04  9.097597395289948e+01  2.455496710339258e+01  6.301616485576386e-01
fg5cf1cb5t3wk 1.771636398568998e+03  1.478900368566611e+03  7.164950086701926e+03  1.642431978111980e+04  2.330712434381503e+02  1.000000000000000e+00  1.051106290447457e-01
fg5cf1cb6f1wk 7.186389301053108e+03  2.999247191527747e+03  8.086388287257518e+03  7.304619044969210e+02  1.725116070390586e+03  7.902397068796689e-01  3.820337254311196e-02
fg5cf1cb6f2wk 3.785376833714452e+03  2.750267791462416e+03  4.108515565012000e+03  3.299111523069226e+03  2.530124512268138e+04  9.814775063820047e-01  2.962160535694874e-02
fg5cf1cb6f3wk 4.493272014337206e+03  2.254531456598781e+03  4.141861702179880e+03  2.738348039796062e+04  3.104985353858639e+05  9.990877603067977e-01  6.511737646554741e-03
fg5cf1cb6t1wk 1.573271125083713e+02  6.683407219085123e+01  2.041605143501072e+01  8.272925012785660e+01  2.252740331872750e+03  1.000028252204797e+00  1.810946464698476e-03
fg5cf1cb6t2wk 1.596793210767651e+02  6.854829605393924e+01  3.328406912678956e+01  4.070474325822764e+03  1.794128170463487e+03  9.814775063820047e-01  1.891402656025476e-03
fg5cf1cb6t3wk 1.160771084969930e+03  1.478900368566611e+03  1.106212885010672e+03  2.110589491088004e+04  2.500704870389159e+03  3.464955710572268e-01  3.358163728887792e-04
fg5cf1cb7f1wk 6.962227967871720e+03  2.616690225782568e+04  6.572360253209301e+04  1.321820666339342e+03  2.115885208954865e+00  2.102572596507622e-01  6.213530057259320e-04
fg5cf1cb7f2wk 6.408603943975015e+03  2.782265226869862e+04  4.160273621682850e+04  4.266267297114308e+03  4.967106522503012e+00  2.485285768004023e-01  7.772045179932777e-04
fg5cf1cb7f3wk 1.164841443555680e+04  2.784259801790203e+04  6.556637850357108e+04  1.642431978111980e+04  2.559145555104816e+02  1.985901354985938e-01  4.786288282672408e-04
fg5cf1cb7t1wk 1.551611687592020e+02  2.947961264387578e+02  6.650117752450177e+02  7.768157636999713e+03  1.376958965914428e+11  1.138406006075221e+03  5.376085250206709e-02
fg5cf1cb7t2wk 1.696844714007932e+02  3.918741534863062e+02  8.995065976312510e+02  4.180223234144698e+03  3.446717620128745e+10  7.531292544759381e+02  5.097539384624968e-02
fg5cf1cb7t3wk 5.338011700936073e+02  1.478900368566611e+03  1.106212885010672e+03  1.642431978111980e+04  2.037954942598774e+06  1.000000000000000e+00  1.192745698321532e-02
fg5cf1cb15f1wk 1.109302920693543e+03  9.177374387666893e+02  4.836632779622148e+03  1.837921763673548e+02  3.540502663782259e+05  1.000000000000000e+00  2.155395309623251e-04
fg5cf1cb15f2wk 1.227619422315023e+02  8.844940157680819e+02  2.323794011940596e+03  7.210288901620402e+02  1.087091279365546e+06  3.469202140073792e-01  2.506003648876983e-04
fg5cf1cb15f3wk 1.635117555741748e+02  1.478900368566611e+03  2.250477120627665e+03  8.335465602107810e+03  2.037954942598774e+06  1.973026016126262e-01  1.757303954875307e-04
fg5cf1cb15t1wk 3.500770129889048e+02  1.024080275515100e+02  4.473353414415145e+01  7.268041463573614e+03  2.914193826440057e+01  1.509730900215090e+01  1.000000000000000e+00
fg5cf1cb15t2wk 3.726507817674481e+02  1.245329126231514e+02  5.966687153922587e+01  5.009062901171456e+03  9.825631469690208e+01  1.044725977855314e+01  9.107994604746645e-01
fg5cf1cb15t3wk 1.536619031094310e+03  1.670951169859886e+03  1.936392558647058e+04  1.642431978111980e+04  2.559145555104816e+02  1.000000000000000e+00  1.021389957430314e-01
fg5cf1cb56f1wk 9.729536137104067e+02  7.647612486016178e+02  1.221578546439361e+03  2.634308157715344e+02  9.810943557153837e+05  1.184072474396142e+02  6.183766849330098e-02
fg5cf1cb56f2wk 1.658877681158941e+03  9.451266975493580e+02  1.934226514269649e+03  3.070928479146513e+02  1.415375734300639e+06  9.597463353549108e+01  5.279356887486424e-02
fg5cf1cb56f3wk 2.564023666846638e+03  1.581356252254305e+03  2.158659721485322e+03  1.786081519610355e+04  2.037954942598774e+06  1.000000000000000e+00  1.003220158451818e-02
fg5cf1cb56t1wk 9.336413546027796e+01  5.452409115438552e+01  2.367931182801343e+01  1.067994577430598e+04  2.340024875416708e+02  9.799313892354360e-01  1.543415553067112e-03
fg5cf1cb56t2wk 2.956700806641396e+02  1.251102158035333e+02  9.276581543543291e+01  4.216632763252762e+04  3.748262924719081e+02  3.791101712262129e-01  1.647786637457424e-03
fg5cf1cb56t3wk 5.172275282496047e+02  1.478900368566611e+03  1.382852190689362e+03  2.738348039796062e+04  5.622298660374736e+02  2.951313892366531e-01  5.080484796056049e-04
fg5cf1cb67f1wk 1.105065589261913e+04  1.623545340770074e+03  8.863605514334367e+02  3.765778594427518e+01  5.537955981797239e+00  2.000019270345005e+00  9.983612810006286e-01
fg5cf1cb67f2wk 5.289042642728193e+03  2.584281964866603e+03  1.424347731418626e+03  9.187060068894260e+01  6.064533015309687e+00  7.887001749795383e-01  2.421483867846284e-01
fg5cf1cb67f3wk 6.408603943975015e+03  8.778331964192368e+03  1.094480791217791e+04  3.027015421696352e+03  1.022154576595207e+02  1.000000000000000e+00  1.016341509146552e-01
fg5cf1cb67t1wk 5.609254908064307e+01  9.988038416464551e+01  5.459480151552534e+02  2.800260258689289e+03  5.272712921990035e+08  2.193023174338722e+00  4.181711461198317e-04
fg5cf1cb67t2wk 8.210967435087414e+01  1.890336173203957e+02  1.097477541243901e+03  3.027015421696352e+03  4.074303540115809e+08  1.200528998203563e+00  4.761134914159985e-04
fg5cf1cb67t3wk 2.267150272017265e+02  1.478900368566611e+03  1.106212885010672e+03  1.377339724789406e+04  2.037954942598774e+06  3.596576155818665e-01  2.561376902737475e-04
fg5cf1cb567f1wk 3.694379970866529e+03  4.401887665516560e+02  1.772031266747682e+02  1.036032616295107e+02  1.000000000000000e+00  1.000000000000000e+00  9.999789631804672e-01
fg5cf1cb567f2wk 2.672642648481397e+03  9.827748624253652e+02  5.584649848598513e+02  2.012188443701365e+02  5.748588152373120e+00  1.000000000000000e+00  5.793829805116233e-01
fg5cf1cb567f3wk 6.173182611774666e+03  1.916656356586883e+03  5.355004375829132e+03  2.341424575067436e+03  2.559145555104816e+02  1.000000000000000e+00  1.893460655671611e-01
fg5cf1cb567t1wk 1.916238550766812e+01  8.330356235625827e+01  5.797205828526827e+02  5.049951730545629e+04  3.005029949705751e+07  1.681944184640903e-01  3.082647776542235e-04
fg5cf1cb567t2wk 4.279557247547464e+01  3.172508630494552e+02  7.648900432156840e+02  2.530326306237109e+04  1.983766408275399e+07  1.528970952194715e-01  2.696327079164136e-04
fg5cf1cb567t3wk 7.188971111338174e+01  1.478900368566611e+03  1.115949339960500e+03  2.738348039796062e+04  2.037954942598774e+06  8.716214573728671e-02  1.757303954875307e-04
