dreps 5.315938810053678e+02  4.008901030419409e+03  1.542595788273701e+05  5.037260478171206e+02  7.417234852106738e+01  6.968788491492438e-02  7.887131902922097e-07
ureps0 4.500616389796086e+04  1.986331613042894e+06  3.601842240448473e+05  7.884841581263759e+05  5.321231633033459e+04  2.775203228838612e+03  3.885471511114292e-05
ureps1wk 4.157205162371144e+04  2.862798246442693e+05  4.977555942371083e+05  3.856076018279229e+05  4.131700722560653e+04  3.174620785390400e+02  1.490265068454803e-05
ureps2wk 2.826990535991739e+04  2.854202475065467e+05  3.770177318861494e+05  6.946337828504799e+05  3.333709439603131e+04  1.266534302413545e+03  5.016556793135661e-06
ureps3wk 1.413091383522099e+04  1.383361439358694e+04  3.278260780427255e+05  6.349203650455761e+02  7.417234852106738e+01  1.000000000000000e+00  2.709604616241803e-06
ureps4wk 2.913418869333043e+03  4.392513613280809e+03  2.415807416242389e+05  5.682020813602124e+02  7.417234852106738e+01  1.151061846897507e-01  1.335805116639012e-06
urepsB0 3.606902280734772e+04  3.507044888071619e+06  3.716075117631413e+05  5.867394794611044e+05  4.524897838373085e+04  2.641961849429677e+03  4.129582670033964e-05
urepsB1wk 4.534559722011266e+04  5.959211588080055e+05  5.721949278452937e+05  3.788482278495292e+05  3.759147876556008e+04  3.767921308786727e+02  1.360886482945809e-05
urepsB2wk 3.196039699145158e+04  6.664495721022630e+04  3.574623530822853e+05  7.813991630570983e+05  3.332250771291371e+04  1.426508153958390e+03  5.229184570302323e-06
urepsB3wk 1.025358290951992e+04  2.726742272713919e+04  3.214948883008492e+05  6.349203650455761e+02  7.417234852106738e+01  1.000000000000000e+00  2.709604616241803e-06
urepsB4wk 2.913418869333043e+03  4.392513613280809e+03  2.415807416242389e+05  5.682020813602124e+02  7.417234852106738e+01  1.151061846897507e-01  1.335805116639012e-06
urepsC0 3.514323849276797e+04  5.241030452363963e+05  5.267432502150519e+05  2.961946017390199e+05  2.777790230458134e+04  9.294264687845593e+01  6.704605584827663e-07
urepsC1wk 3.272954969304999e+04  3.310255767289732e+04  5.797116872818419e+05  3.359598864058272e+05  2.778435351495371e+04  1.059059874569458e+02  3.335722879919898e-06
urepsC2wk 2.681696266191019e+04  4.862872587062513e+04  3.770177318861494e+05  3.604474764552163e+05  2.811032957545909e+04  1.955931267172406e+02  1.671886822128456e-06
urepsC3wk 1.268717041890283e+04  1.885178887273699e+04  3.058883288099883e+05  6.349203650455761e+02  7.417234852106738e+01  1.000000000000000e+00  1.335805116639012e-06
urepsC4wk 2.913418869333043e+03  4.287189439918366e+03  2.415807416242389e+05  5.682020813602124e+02  7.417234852106738e+01  1.151061846897507e-01  1.252779459897350e-06
ereps0 2.897622874635372e+04  1.090589985967031e+03  5.638967541526451e+02  5.584701191549801e+02  2.257304009088353e+02  9.424919763864421e-02  3.464289181148410e-12
ereps1wk 2.625550407317650e+04  1.377581224132023e+03  7.492726823400879e+01  1.118125632197784e+02  2.665191241974389e+02  1.417238546502149e-01  1.088009306523968e-10
ereps2wk 2.786935083580585e+04  3.219581939145042e+03  2.488014270992573e+02  7.162608247813564e+02  2.048858420156321e+03  8.702525050898539e-01  2.536595465002614e-08
ereps3wk 1.268717041890283e+04  4.287189439918366e+03  6.866830050290753e+03  6.349203650455761e+02  7.417234852106738e+01  1.000000000000000e+00  4.739259996847963e-07
ereps4wk 2.913418869333043e+03  4.072838218205513e+03  1.355047342126164e+05  5.682020813602124e+02  7.417234852106738e+01  1.151061846897507e-01  7.887131902922097e-07
creps0 1.952169608553599e+29  1.000000000000000e+00  1.000000000000000e+00  1.000000000000000e+00  1.000000000000000e+00  1.000191996012179e+22  1.000000528440918e+11
creps1wk 3.155530078266385e+29  1.000000000000000e+00  1.000000000000000e+00  1.000000000000000e+00  1.000000000000000e+00  1.000039166903861e+22  1.000012967852124e+10
creps2wk 1.869502446846651e+29  1.000000000000000e+00  1.000000000000000e+00  1.000000000000000e+00  1.000000000000000e+00  1.000000003449484e+21  7.059964019628665e+10
creps3wk 2.762721134036183e+05  4.392513613280809e+03  1.739224564624409e+05  1.396189015608275e+02  1.823471083076932e+01  1.000000000000000e+00  1.000000000000000e+00
creps4wk 2.913418869333043e+03  4.287189439918366e+03  1.869584442451809e+05  4.659890276186999e+02  5.455163845677053e+01  1.151061846897507e-01  1.335805116639012e-06
rreps0 1.071760206258026e-01  1.789576679260662e-03  1.834996928802459e-05  5.121220945637495e-08  4.294639508870204e-35  4.107179724731060e-12  3.062267636836042e-23
rreps1wk 1.648984869660017e-01  7.043114456724009e-04  3.634027786046690e-05  5.890239362751603e-08  4.130327240086069e-35  3.869469346856538e-12  3.215107899067762e-24
rreps2wk 1.094503097204441e+00  4.133998547122363e-02  5.911081750073166e-04  7.462412788343199e-07  4.603633148894026e-34  1.845614613921289e-11  4.700929810216340e-18
rreps3wk 9.449903702327410e+01  4.803828155200590e+02  2.106615626107577e+02  9.146330735362302e+00  1.000000000000000e+00  6.968788491492438e-02  4.739259996847963e-07
rreps4wk 2.420133714535112e+02  3.172220685919171e+03  1.355047342126164e+05  3.715606417986547e+02  3.425776560418117e+01  6.968788491492438e-02  7.887131902922097e-07
rreps0d0 0.000000000000000e+00  1.000000000000000e+00  1.000000000000000e+00  1.000000000000000e+00  1.000000000000000e+00  1.000054925045687e+22  1.000000000000001e+11
rreps0d1wk 1.000000000000000e+00  1.000000000000000e+00  1.000000000000000e+00  1.000000000000000e+00  1.000000000000000e+00  1.000040920649552e+22  1.000012967852124e+10
rreps0d2wk 1.094503097204441e+00  4.133998547122363e-02  5.911081750073166e-04  7.462412788343199e-07  4.603633148894026e-34  1.845614613921289e-11  4.700929810216340e-18
rreps0d3wk 9.449903702327410e+01  4.803828155200590e+02  2.106615626107577e+02  9.146330735362302e+00  1.000000000000000e+00  6.968788491492438e-02  4.739259996847963e-07
rreps0d4wk 2.420133714535112e+02  3.172220685919171e+03  1.355047342126164e+05  3.715606417986547e+02  3.425776560418117e+01  6.968788491492438e-02  7.887131902922097e-07
rreps7m0 1.072706673698153e+00  1.045688268864540e-02  2.259679787029456e-05  5.809856883566891e-34  2.008856726235606e-34  1.168815867025699e-11  1.322695164578606e-20
rreps7m1wk 5.315214449145773e-01  6.443114421174170e-03  6.834677413772720e-05  4.059331506502248e-33  1.291270721349973e-34  1.368952145251394e-11  6.748542347415592e-23
rreps7m2wk 1.063346082285833e+00  2.806728143754830e-02  8.580490504494626e-04  9.432388711481061e-07  2.867107688168082e-34  2.156097368890213e-11  4.510604856429091e-18
rreps7m3wk 9.449903702327410e+01  4.803828155200590e+02  2.106615626107577e+02  9.146330735362302e+00  1.000000000000000e+00  6.968788491492438e-02  4.739259996847963e-07
rreps7m4wk 2.420133714535112e+02  3.172220685919171e+03  1.355047342126164e+05  3.715606417986547e+02  3.425776560418117e+01  6.968788491492438e-02  7.887131902922097e-07
lj1m0 5.539960484601401e+04  8.505976609545212e+03  1.806501680010589e+04  1.513083771314841e+30  1.098039800274863e+06  1.076038190219138e-02  2.492151429039414e-13
lj1m1wk 2.606247094704443e+05  1.603245100314695e+04  3.391880239982591e+04  1.441133796166761e+30  9.217943891125789e+05  2.175150564621275e-02  8.001977338252326e-10
lj1m2wk 5.448191028716629e+04  1.053697533388940e+04  1.427224053776470e+05  1.205761083771873e+30  1.234926266741994e+05  1.166185125068315e-02  7.402150475421043e-08
lj1m3wk 3.364009726164665e+03  7.752460615686083e+03  3.739645977026044e+05  6.349203650455761e+02  7.417234852106738e+01  6.968788491492438e-02  9.776119591573167e-07
lj1m4wk 2.672715826676252e+03  4.392513613280809e+03  2.705742098701525e+05  5.682020813602124e+02  7.417234852106738e+01  6.968788491492438e-02  1.252779459897350e-06
lj1u0 2.364974695222248e+04  2.340424275937571e+06  2.404511895055577e+08  1.852259909585277e+30  1.959650575533916e+05  5.979354197874782e-01  1.049732853428839e-05
lj1u1wk 2.375386843496284e+01  1.135361532789535e+06  2.627418349386050e+08  1.906831084125649e+30  7.593889890504934e+04  4.001812019102840e-01  1.868857420525058e-05
lj1u2wk 4.650560698851680e+01  5.044724134910909e+06  3.295276898853951e+08  1.952629293429393e+30  2.284928541484048e+04  7.800861436281369e-02  3.149775953434400e-05
lj1u3wk 5.315938810053678e+02  3.248406613996514e+04  5.697151365638295e+06  6.349203650455761e+02  7.417234852106738e+01  6.968788491492438e-02  2.965394016364307e-05
lj1u4wk 5.315938810053678e+02  4.392513613280809e+03  2.705742098701525e+05  5.682020813602124e+02  7.417234852106738e+01  6.968788491492438e-02  1.335805116639012e-06
lj2m0 1.598920207801243e+04  2.478078219662586e+03  1.144103094448243e+03  1.819673161326744e+06  6.172133903432307e+03  4.980571850747535e-03  2.122628741409827e-14
lj2m1wk 1.081146658720312e+04  2.799808060672243e+03  1.169595645812639e+03  2.765744018781679e+06  1.461344378815755e+04  8.182305983304598e-03  1.781821534188495e-10
lj2m2wk 3.208099984009405e+04  2.542451918601223e+03  2.816949801359075e+03  3.312704262405752e+06  1.044967860860152e+04  8.000247057489945e-03  3.619665762812817e-08
lj2m3wk 4.094376940420895e+03  4.072838218205513e+03  1.355047342126164e+05  6.349203650455761e+02  7.417234852106738e+01  6.968788491492438e-02  9.425627966723782e-07
lj2m4wk 9.351333955898313e+02  4.072838218205513e+03  2.415807416242389e+05  5.682020813602124e+02  7.417234852106738e+01  6.968788491492438e-02  9.776119591573167e-07
lj2u0 1.626692400035590e+05  3.609115198109943e+05  3.842647182207981e+07  2.066733891020566e+30  2.956365825501749e+04  2.169384036954962e-01  4.946842301772423e-06
lj2u1wk 5.979396060933720e+02  1.977651431565607e+05  4.516670346362258e+07  2.121497797871887e+30  2.580665723646452e+04  2.165299498070910e-01  7.386296115693425e-06
lj2u2wk 6.391671634941392e+01  2.626353925914797e+05  5.511708125724413e+07  1.614369299259891e+30  1.348133218754084e+04  5.798547832446461e-02  8.239713164607586e-06
lj2u3wk 5.315938810053678e+02  3.248406613996514e+04  5.697151365638295e+06  6.349203650455761e+02  7.417234852106738e+01  6.968788491492438e-02  1.207976336432879e-05
lj2u4wk 5.315938810053678e+02  4.392513613280809e+03  2.705742098701525e+05  5.682020813602124e+02  7.417234852106738e+01  6.968788491492438e-02  1.335805116639012e-06
lj5m0 3.450075043146056e+03  5.567743734082073e+02  2.488719990235840e+02  8.703360607835430e+02  2.825486442526779e+01  3.165665131908311e-03  2.672591619188045e-15
lj5m1wk 2.605807952023310e+03  6.579668576606668e+02  2.300994967579365e+02  2.444159389850188e+03  8.470378417119942e+01  3.964963626353511e-03  5.463947892730828e-12
lj5m2wk 4.096042976815018e+03  6.507185100664268e+02  4.456289118456399e+02  1.885229473669302e+04  9.397882338216283e+01  8.305774087368854e-03  1.000001553106222e-08
lj5m3wk 2.778154524625446e+03  4.008901030419409e+03  2.647756338344909e+04  6.349203650455761e+02  6.814417334579622e+01  6.968788491492438e-02  9.425627966723782e-07
lj5m4wk 2.488612655456628e+03  3.832445272635433e+03  1.854437162766891e+05  5.682020813602124e+02  7.417234852106738e+01  6.968788491492438e-02  9.425627966723782e-07
lj5u0 1.247333715873966e+05  3.028542823569079e+04  3.977092523734764e+05  7.384283699167628e+06  1.363184393797144e+04  7.584405229373214e-02  1.363335416024579e-06
lj5u1wk 2.364788492985772e+04  4.430368694457316e+04  3.195042019952624e+05  7.287671589135673e+06  1.450721663732264e+04  8.352132852903442e-02  5.916903189835241e-06
lj5u2wk 3.247307696784103e+03  3.265929847669612e+04  8.273892779265351e+05  7.126983843634556e+06  1.617288437665866e+04  6.196738910740120e-02  2.709604616241803e-06
lj5u3wk 9.351333955898313e+02  3.248406613996514e+04  2.030652875037291e+06  6.349203650455761e+02  7.417234852106738e+01  6.968788491492438e-02  2.709604616241803e-06
lj5u4wk 5.315938810053678e+02  4.392513613280809e+03  2.705742098701525e+05  5.682020813602124e+02  7.417234852106738e+01  6.968788491492438e-02  1.252779459897350e-06
lj1c0 3.030770719578523e+02  4.551221550361303e+01  1.599194176406747e+01  4.292862433147067e+29  3.235424560063980e-04  8.533815581136436e-07  1.812469365714998e-07
lj1c1wk 1.253752163773929e+02  3.047558841002846e+01  1.430678426470421e+01  1.633801253987880e+29  2.470643208719046e-04  1.243334398698056e-06  2.917180173613821e-09
lj1c2wk 1.745045274114001e+02  3.879211072026329e+01  1.290852822462233e+01  3.715606417986547e+02  2.817507954568594e-04  1.234338903086283e-02  5.016556793135661e-06
lj1c3wk 9.449903702327410e+01  4.803828155200590e+02  2.106615626107577e+02  3.715606417986547e+02  3.885031771621868e+00  6.968788491492438e-02  9.776119591573167e-07
lj1c4wk 2.420133714535112e+02  3.172220685919171e+03  1.355047342126164e+05  5.037260478171206e+02  3.477846782598673e+01  6.968788491492438e-02  7.887131902922097e-07
lj2c0 6.729840222019547e+01  1.192598688872635e+01  3.716571963223291e+00  2.082423020256595e+00  2.390086096970124e-04  3.676469435123565e-07  3.050134920388464e-16
lj2c1wk 3.079733089127274e+01  5.543966962957876e+00  3.221653868721693e+00  2.075899080986897e+00  2.016626889052514e-04  1.847389136752010e-07  4.984104048644727e-16
lj2c2wk 9.731949124401456e+01  1.045961594883438e+01  3.692499410993289e+00  8.139019850547536e+00  2.427628231616501e-04  9.861456778819235e-04  1.267989240279811e-13
lj2c3wk 9.449903702327410e+01  4.803828155200590e+02  2.106615626107577e+02  1.191235278897279e+02  1.000000000000000e+00  6.968788491492438e-02  4.739259996847963e-07
lj2c4wk 2.420133714535112e+02  3.172220685919171e+03  1.355047342126164e+05  4.197509644704465e+02  3.425776560418117e+01  6.968788491492438e-02  7.887131902922097e-07
lj5c0 1.687384677597165e+01  1.647173416616948e+00  6.255079265334965e-01  1.370107517916317e-01  1.841416029528037e-04  3.055132950563703e-08  2.917178764907366e-19
lj5c1wk 9.628786679653572e+00  1.625983470590724e+00  6.923186202395986e-01  1.520546749794459e-01  1.752666593200855e-04  1.499024104238116e-08  1.638300470736976e-19
lj5c2wk 2.663053046118339e+01  3.134429043693574e+00  9.114214039486305e-01  3.149471326598898e-01  2.171947945684142e-04  3.268563705944094e-07  3.487409355159907e-15
lj5c3wk 9.449903702327410e+01  4.803828155200590e+02  2.106615626107577e+02  9.146330735362302e+00  1.000000000000000e+00  6.968788491492438e-02  4.739259996847963e-07
lj5c4wk 2.420133714535112e+02  3.172220685919171e+03  1.355047342126164e+05  3.715606417986547e+02  3.425776560418117e+01  6.968788491492438e-02  7.887131902922097e-07
fg5uf1u0 3.985020003875478e+01  1.528911579054804e+02  4.572144501279610e+03  1.824101899075872e+06  9.289786901744131e+01  2.854391388939446e-02  9.398059217796572e-07
fg5uf1u1wk 2.296899365536003e+00  1.900842574129635e+02  6.547626769282428e+03  5.191756866079842e+05  1.196719080078094e+02  2.745684709199082e-02  1.447894338398857e-06
fg5uf1u2wk 4.148416119102131e+00  3.436275500000526e+02  2.800414124540234e+04  2.731985976054107e+05  1.365738204360719e+02  2.512735938186014e-02  2.138519677030392e-06
fg5uf1u3wk 9.449903702327410e+01  3.538196655688042e+03  1.702173240732782e+05  6.349203650455761e+02  7.417234852106738e+01  6.968788491492438e-02  1.335805116639012e-06
fg5uf1u4wk 2.420133714535112e+02  3.832445272635433e+03  1.869584442451809e+05  5.682020813602124e+02  7.417234852106738e+01  6.968788491492438e-02  7.887131902922097e-07
fg5mf1u0 1.255789062192756e+03  1.784955767868398e+02  7.470367261396285e+01  3.376751644374665e+02  2.379632598012554e+01  3.593450919380792e-03  6.101405908805006e-12
fg5mf1u1wk 7.707735225281414e+02  1.155900749684384e+02  5.245987275236897e+01  1.698251251908979e+02  1.731946492190058e+01  4.234071141439141e-03  1.088782401547141e-09
fg5mf1u2wk 5.315938810053678e+02  1.113598936879896e+02  8.320430199826734e+01  4.799222102738331e+02  2.433675829764871e+01  7.908375963574993e-03  1.028006525977654e-07
fg5mf1u3wk 1.758490106741571e+02  6.348350566413030e+02  2.278163283287752e+03  6.349203650455761e+02  4.612161412754422e+01  6.968788491492438e-02  9.425627966723782e-07
fg5mf1u4wk 2.420133714535112e+02  3.172220685919171e+03  1.355047342126164e+05  5.682020813602124e+02  7.417234852106738e+01  6.968788491492438e-02  7.887131902922097e-07
fg5uf1m0 2.506597927961172e+00  5.659468162313310e-01  2.400390466342129e-01  1.000000000000000e+00  5.466399752025782e-03  5.394870597810781e-05  2.564557632180147e-15
fg5uf1m1wk 2.860982618987438e+00  7.417624612379224e-01  2.852843636069998e-01  2.000000000000000e+00  6.585808683238528e-03  6.979708681223659e-05  1.373261638415343e-13
fg5uf1m2wk 1.569685934140316e+00  8.757132144623698e-01  4.143979303903069e-01  3.000000000000000e+00  1.426955834663727e-02  9.364294754825475e-05  8.392248448528929e-13
fg5uf1m3wk 9.449903702327410e+01  4.803828155200590e+02  2.106615626107577e+02  8.274979965342503e+01  3.885031771621868e+00  6.968788491492438e-02  4.739259996847963e-07
fg5uf1m4wk 2.420133714535112e+02  3.172220685919171e+03  1.355047342126164e+05  4.019500061659408e+02  3.477846782598673e+01  6.968788491492438e-02  7.887131902922097e-07
fg5mf1m0 7.605482789839711e-01  3.462153146322088e-02  1.201738351429669e-02  4.429349324813817e-03  4.703450566466497e-04  5.049393209736451e-07  1.284392144701269e-20
fg5mf1m1wk 3.191487314142938e-01  4.808447320507564e-02  1.130128141825693e-02  3.193162297131629e-03  3.691077263883711e-04  1.997772355513328e-06  3.363596678656142e-18
fg5mf1m2wk 8.595848871972290e-01  1.648017168029531e-01  3.498467164003274e-02  1.155279078031009e-02  1.370876799693860e-03  1.271497051136155e-05  6.442289772064163e-15
fg5mf1m3wk 9.449903702327410e+01  4.803828155200590e+02  2.106615626107577e+02  8.274979965342503e+01  3.885031771621868e+00  6.968788491492438e-02  4.739259996847963e-07
fg5mf1m4wk 2.420133714535112e+02  3.172220685919171e+03  1.355047342126164e+05  4.019500061659408e+02  3.425776560418117e+01  6.968788491492438e-02  7.887131902922097e-07
fg8uf05m0 1.081334782410715e+00  3.432891391803172e-01  1.248281019153538e-01  3.102706482386279e-02  1.180724400212633e-03  1.269678014446644e-06  6.763629735776108e-17
fg8uf05m1wk 1.810183272708569e+00  4.137977289409795e-01  1.620075980146552e-01  4.275085884502391e-02  1.367802853392128e-03  1.571907916391208e-06  5.822189529761594e-16
fg8uf05m2wk 2.973561583151293e+00  8.557501436540033e-01  3.286890805592607e-01  8.540002950057662e-02  2.380210732792249e-03  4.361196686855421e-06  6.650421657733854e-15
fg8uf05m3wk 9.449903702327410e+01  4.803828155200590e+02  2.106615626107577e+02  2.482058186209392e+01  1.670685821028688e+00  6.968788491492438e-02  4.739259996847963e-07
fg8uf05m4wk 2.420133714535112e+02  1.272942907129916e+03  4.517065571426721e+03  8.274979965342503e+01  3.885031771621868e+00  6.968788491492438e-02  7.887131902922097e-07
fg2uf05m0 8.485820569376544e+00  1.955556976164090e+00  1.032116104211237e+00  1.450805617518776e+30  1.221567011617605e+02  4.996325827163965e-03  6.038889155117340e-12
fg2uf05m1wk 1.437664438572738e+00  1.416195526950246e+00  1.154699620543030e+00  1.469505787705074e+30  2.015123434911943e+02  5.906785552551797e-03  6.899391484278801e-11
fg2uf05m2wk 2.182016052472636e+00  3.180498868892775e+00  2.859936458387006e+00  1.305434944201099e+30  1.088304008836853e+02  3.326117652692332e-03  1.906854168963450e-10
fg2uf05m3wk 9.449903702327410e+01  4.803828155200590e+02  7.905862011959643e+02  6.349203650455761e+02  5.455163845677053e+01  6.968788491492438e-02  4.739259996847963e-07
fg2uf05m4wk 2.420133714535112e+02  1.272942907129916e+03  4.517065571426721e+03  6.349203650455761e+02  5.455163845677053e+01  6.968788491492438e-02  7.887131902922097e-07
fg5mf1c0 1.050301539705004e+00  3.860734272382981e-01  7.393550566647335e-02  4.742382162758850e-02  2.598882374906993e-02  8.993803465938963e-06  5.975536448241391e-20
fg5mf1c1wk 2.310023035376935e+00  5.860838255393085e-01  1.152165127730191e-01  5.899216472456034e-02  2.027017781983400e-02  1.173807617251768e-05  1.867559605812171e-18
fg5mf1c2wk 1.496333073841958e+00  4.537298746403936e-01  1.340632249854272e-01  6.917832581106617e-02  1.861652281229945e-02  2.182054184781601e-05  3.208775050897183e-14
fg5mf1c3wk 9.449903702327410e+01  4.803828155200590e+02  2.106615626107577e+02  9.146330735362302e+00  1.000000000000000e+00  6.968788491492438e-02  4.739259996847963e-07
fg5mf1c4wk 2.420133714535112e+02  3.172220685919171e+03  1.355047342126164e+05  3.715606417986547e+02  3.425776560418117e+01  6.968788491492438e-02  7.887131902922097e-07
fg5mf1c0d0 4.648560194601709e+03  3.574613093504537e+02  7.950943808634623e+06  1.783528119239375e+30  2.145110460812179e+13  1.000000000000000e+00  1.109478888587504e-02
fg5mf1c0d1wk 5.244889729425960e+02  1.171246679142001e+02  7.792351996275928e+06  1.427649923128929e+30  4.744365067457222e+08  1.000000000000000e+00  2.730111085501420e-02
fg5mf1c0d2wk 1.474630581536085e+02  8.863743842193293e+01  1.417014099464537e+06  1.303901038293203e+30  5.647177190768494e+05  8.113283682408103e-01  2.894542213613556e-02
fg5mf1c0d3wk 9.449903702327410e+01  4.287189439918366e+03  2.303510493854595e+05  6.349203650455761e+02  4.796388195599714e+01  6.968788491492438e-02  1.124750600557298e-05
fg5mf1c0d4wk 2.420133714535112e+02  4.008901030419409e+03  2.415807416242389e+05  5.682020813602124e+02  7.417234852106738e+01  6.968788491492438e-02  1.335805116639012e-06
fg8uf05c0d0 9.219342952939963e+04  2.570120940166118e+08  1.286053317952687e+31  2.031059095014703e+30  4.504220776491275e+28  1.000000663915734e+23  1.000000000000000e+00
fg8uf05c0d1wk 2.026473723286672e+01  1.756351960850721e+06  1.013909340363308e+31  7.413150960901877e+29  3.740889282536730e+28  3.012606846419349e+04  1.000000000000000e+00
fg8uf05c0d2wk 1.000000000000000e+00  1.000000000000000e+00  2.390883920983167e+02  5.805903749563463e+06  9.903524140566761e+00  1.671848962500885e-01  2.709604616241803e-06
fg8uf05c0d3wk 9.792180964673625e+01  4.392513613280809e+03  1.854437162766891e+05  3.009002491535667e+02  3.332046387075199e+01  1.151061846897507e-01  1.916319945840005e-06
fg8uf05c0d4wk 5.315938810053678e+02  4.287189439918366e+03  1.869584442451809e+05  4.019500061659408e+02  3.332046387075199e+01  1.026696531878502e-01  1.335805116639012e-06
fg2uf05c0d0 8.863257566862622e+00  2.687128468482766e+31  1.000063120970122e+31  1.845781526463614e+30  1.008841366556937e+06  1.000000000000000e+00  5.482404228835456e-03
fg2uf05c0d1wk 1.344101686739877e+00  1.254175523508224e+03  8.545626418227563e+30  1.672395068939983e+30  1.207184532739440e+05  1.000000000000000e+00  4.170331745678238e-03
fg2uf05c0d2wk 1.000000000000000e+00  2.331053411809229e+03  7.250132046756857e+30  1.887128318447990e+30  1.347449979086713e+04  6.587804184229366e-02  1.808478680112423e-03
fg2uf05c0d3wk 4.837723523279672e+02  4.392513613280809e+03  5.115314301698324e+05  6.349203650455761e+02  7.417234852106738e+01  6.968788491492438e-02  8.057717034467474e-06
fg2uf05c0d4wk 2.420133714535112e+02  4.392513613280809e+03  5.115314301698324e+05  6.349203650455761e+02  7.417234852106738e+01  6.968788491492438e-02  5.016556793135661e-06
fg8uf05c7m0 7.419410987570432e-01  1.692506800018729e-02  7.931084558966812e-03  2.434488964710935e-03  1.355571565790002e-04  2.463037934415860e-07  1.325382486721788e-16
fg8uf05c7m1wk 4.450228639906423e-01  1.256740331362384e-02  5.405577199365079e-03  1.857144225974999e-03  7.924308523618581e-05  1.630644496479367e-07  7.544363972320888e-16
fg8uf05c7m2wk 8.962602059294380e-01  6.910477649481028e-02  2.607133453024502e-02  8.733777081251882e-03  3.631845467106052e-04  5.394228319924649e-07  3.147487266308662e-15
fg8uf05c7m3wk 9.449903702327410e+01  4.803828155200590e+02  2.106615626107577e+02  9.146330735362302e+00  1.000000000000000e+00  6.968788491492438e-02  4.739259996847963e-07
fg8uf05c7m4wk 2.420133714535112e+02  3.172220685919171e+03  1.355047342126164e+05  3.715606417986547e+02  3.425776560418117e+01  6.968788491492438e-02  7.887131902922097e-07
fg2uf05c7m0 7.955861877140800e-01  1.095762355389211e-01  1.802822841142587e-01  1.524644728193082e+30  9.290716660349653e+01  6.782218242757430e-03  1.003194870483784e-09
fg2uf05c7m1wk 1.108031169552689e+00  1.552244643045042e-01  8.770338033476707e-02  1.397719513693233e+30  8.742553503517973e+01  4.972022707791951e-03  4.871232831376346e-10
fg2uf05c7m2wk 3.896403544377000e+00  3.035666852987378e-01  1.563523819817615e-01  1.356815464034761e+30  8.591703020372856e+01  2.724881989307247e-03  4.006773543638182e-10
fg2uf05c7m3wk 9.449903702327410e+01  4.803828155200590e+02  2.106615626107577e+02  6.349203650455761e+02  4.310368799288447e+01  6.968788491492438e-02  4.739259996847963e-07
fg2uf05c7m4wk 2.420133714535112e+02  3.172220685919171e+03  1.355047342126164e+05  5.682020813602124e+02  6.814417334579622e+01  6.968788491492438e-02  7.887131902922097e-07
fg8uf05c0 3.401764485901124e-01  9.382513227624460e-03  4.630925202833884e-03  1.249209591861434e-03  8.358994889379137e-05  1.314241931093148e-07  1.532702710590588e-19
fg8uf05c1wk 6.047494308408268e-01  5.216827586215654e-03  2.341489871112028e-03  7.084903919590314e-04  5.018000175850123e-05  7.739625260199043e-08  1.496308650869492e-18
fg8uf05c2wk 7.650256822607863e-01  4.430368557330337e-02  2.060983886418594e-02  6.738503360165521e-03  2.725204274341106e-04  4.312994369926991e-07  4.437435244353977e-16
fg8uf05c3wk 9.449903702327410e+01  4.803828155200590e+02  2.106615626107577e+02  9.146330735362302e+00  1.000000000000000e+00  6.968788491492438e-02  4.739259996847963e-07
fg8uf05c4wk 2.420133714535112e+02  3.172220685919171e+03  1.355047342126164e+05  3.715606417986547e+02  3.425776560418117e+01  6.968788491492438e-02  7.887131902922097e-07
fg2uf05c0 3.707120968318985e-01  5.646206183718529e-02  3.500474719566235e-02  1.352989055747566e+30  1.383656848389641e+02  3.853803365263209e-03  3.420385835038641e-12
fg2uf05c1wk 8.541903582038226e-01  6.789111038150815e-02  3.889267794733405e-02  1.307968870718649e+30  1.064555471843035e+02  3.193693585579467e-03  5.658218854436159e-12
fg2uf05c2wk 2.418533955743466e+00  4.974022926346980e-01  2.190973369193300e-01  1.189996432457123e+30  4.524868584517131e+01  1.845403876664088e-03  8.622290877429740e-12
fg2uf05c3wk 9.449903702327410e+01  4.803828155200590e+02  2.106615626107577e+02  6.349203650455761e+02  3.425776560418117e+01  6.968788491492438e-02  4.739259996847963e-07
fg2uf05c4wk 2.420133714535112e+02  3.172220685919171e+03  1.355047342126164e+05  5.682020813602124e+02  5.455163845677053e+01  6.968788491492438e-02  7.887131902922097e-07
fg8cf05c0 7.883156736264799e-02  4.484387693258114e-03  1.754521433954889e-03  1.267818325702078e-04  1.506703783146709e-07  7.238370444697831e-11  5.029619227905659e-23
fg8cf05c1wk 3.957319535387079e-02  3.622532100708048e-03  1.366275028785168e-03  1.349057895171974e-04  1.953184977037168e-07  6.723972301400398e-11  5.848168067987644e-23
fg8cf05c2wk 4.095219656300289e-02  3.937957620501814e-03  1.321219195102389e-03  5.780293506867999e-05  1.515571539207763e-07  1.345604113041621e-10  3.199102382292713e-18
fg8cf05c3wk 9.449903702327410e+01  4.803828155200590e+02  2.106615626107577e+02  9.146330735362302e+00  1.000000000000000e+00  6.968788491492438e-02  4.739259996847963e-07
fg8cf05c4wk 2.420133714535112e+02  3.172220685919171e+03  1.355047342126164e+05  3.715606417986547e+02  3.425776560418117e+01  6.968788491492438e-02  7.887131902922097e-07
fg2cf05c0 5.823319817090382e-01  1.050054888114578e-01  4.091792054932697e-02  4.023485745708816e-01  1.831640817627935e-04  4.831556795112955e-07  1.591971613341549e-13
fg2cf05c1wk 6.996172677858041e+00  1.534390059618607e+00  5.478638300526451e-01  5.949079018207689e-01  1.794996251458087e-04  3.578678015963118e-07  2.230550288248861e-15
fg2cf05c2wk 4.690135725287856e+00  7.090765722408772e-01  2.094029097984317e-01  1.514816930998526e+00  1.428936703921642e-04  1.890382636267149e-03  5.799679410366978e-13
fg2cf05c3wk 9.449903702327410e+01  4.803828155200590e+02  2.106615626107577e+02  1.191235278897279e+02  1.000000000000000e+00  6.968788491492438e-02  4.739259996847963e-07
fg2cf05c4wk 2.420133714535112e+02  3.172220685919171e+03  1.355047342126164e+05  4.019500061659408e+02  3.425776560418117e+01  6.968788491492438e-02  7.887131902922097e-07
fg5cf1cA0 8.307975334070999e-01  5.078865133143332e-02  1.693746627032403e-02  3.109263625919460e-03  9.100376292950048e-05  4.476000624664860e-09  2.427231440836447e-20
fg5cf1cA1wk 3.628267099385762e-01  3.833899220386731e-02  1.346242734280323e-02  3.608559751376918e-03  8.052584498154501e-06  4.718113193003336e-09  1.590919494807960e-20
fg5cf1cA2wk 1.000000000000000e+00  2.514207919830788e-01  5.681732598022991e-02  1.794238423195439e-02  3.526362417384598e-05  1.265765437405591e-07  6.080601106584000e-16
fg5cf1cA3wk 9.449903702327410e+01  4.803828155200590e+02  2.106615626107577e+02  9.146330735362302e+00  1.000000000000000e+00  6.968788491492438e-02  4.739259996847963e-07
fg5cf1cA4wk 2.420133714535112e+02  3.172220685919171e+03  1.355047342126164e+05  3.715606417986547e+02  3.425776560418117e+01  6.968788491492438e-02  7.887131902922097e-07
fg5cf1cB0 5.619729714338865e-01  4.287725583446499e-02  1.494483671036109e-02  2.383504987214636e-03  7.303453866145721e-05  3.424547122378843e-09  7.051150849488011e-21
fg5cf1cB1wk 7.968988899252173e-01  1.241497908139811e-01  3.945077061405080e-02  1.047519039280567e-02  3.490976894319504e-05  7.208867193292603e-09  2.931159838823839e-20
fg5cf1cB2wk 4.965339804691347e-01  4.540974535720611e-02  1.472672829285316e-02  4.662370051239952e-03  8.033441819951985e-06  3.815135432009463e-08  2.164400916688585e-16
fg5cf1cB3wk 9.449903702327410e+01  4.803828155200590e+02  2.106615626107577e+02  9.146330735362302e+00  1.000000000000000e+00  6.968788491492438e-02  4.739259996847963e-07
fg5cf1cB4wk 2.420133714535112e+02  3.172220685919171e+03  1.355047342126164e+05  3.715606417986547e+02  3.425776560418117e+01  6.968788491492438e-02  7.887131902922097e-07
fg5cf1cC0 5.322030558761361e-01  4.803048081813553e-02  1.824298830070239e-02  4.185768745681490e-03  6.157762466282361e-05  5.194717911667989e-09  7.174185488445807e-21
fg5cf1cC1wk 5.105714813111697e-01  6.412672317476302e-02  1.978768976930515e-02  4.959575458641790e-03  1.300275034956891e-05  5.194173950597857e-09  5.420092704486396e-21
fg5cf1cC2wk 1.584936751822206e+00  3.353453308482616e-01  7.957273242840343e-02  2.439340568359821e-02  4.788365026630237e-05  1.414630020549096e-07  5.053848882470188e-16
fg5cf1cC3wk 9.449903702327410e+01  4.803828155200590e+02  2.106615626107577e+02  9.146330735362302e+00  1.000000000000000e+00  6.968788491492438e-02  4.739259996847963e-07
fg5cf1cC4wk 2.420133714535112e+02  3.172220685919171e+03  1.355047342126164e+05  3.715606417986547e+02  3.425776560418117e+01  6.968788491492438e-02  7.887131902922097e-07
fg5cf1cb1f1wk 2.710127847595274e+00  4.422763465097234e+03  1.589843320521554e+05  5.704056592775605e+02  7.367616475133926e+01  6.803488034704738e-02  6.522058452110237e-07
fg5cf1cb1f2wk 2.173915732461157e+00  3.720701746132327e+03  1.739224564624409e+05  5.734210745433771e+02  7.396864941904838e+01  6.793487792185179e-02  6.515475101334208e-07
fg5cf1cb1f3wk 3.448399671232783e+02  4.072838218205513e+03  1.854437162766891e+05  5.869157899602503e+02  7.417234852106738e+01  6.968788491492438e-02  7.231693882218992e-07
fg5cf1cb1t1wk 5.483793239368457e+00  6.303659278382659e-01  1.558309821702773e-01  4.729698988722074e-02  1.306570200513216e-04  1.323447526091324e-08  1.183081224232910e-19
fg5cf1cb1t2wk 2.936885292948415e+00  6.296580356287039e-01  1.814709468999630e-01  6.128637560077808e-02  1.151370211082544e-04  1.950195272620613e-07  3.147783414911501e-15
fg5cf1cb1t3wk 9.449903702327410e+01  4.803828155200590e+02  2.106615626107577e+02  9.146330735362302e+00  1.000000000000000e+00  6.968788491492438e-02  4.739259996847963e-07
fg5cf1cb2f1wk 2.779487383574317e+00  9.351897084785729e+02  1.064369388952248e+05  4.915364400668417e+02  7.902989261997175e+01  6.612349492433903e-02  6.587710148772480e-07
fg5cf1cb2f2wk 3.324849834199727e+00  7.886215727992081e+02  1.009932851151473e+05  4.959519919677186e+02  7.733287723293093e+01  6.632176970062734e-02  6.869329093948799e-07
fg5cf1cb2f3wk 9.449903702327410e+01  1.650222104838605e+03  1.696504375643468e+05  5.048282576425141e+02  7.417234852106738e+01  6.968788491492438e-02  7.908996471489396e-07
fg5cf1cb2t1wk 1.481621149560296e+00  9.717742259788908e-02  3.592419995954778e-02  1.415824898852317e-02  8.743675104190455e-05  7.650851317260580e-09  6.397016974311644e-21
fg5cf1cb2t2wk 1.414697464803085e+00  3.309781433596915e-01  8.102155409080980e-02  3.067313801905935e-02  7.478613343119769e-05  2.346276998308973e-07  1.542548080123957e-15
fg5cf1cb2t3wk 9.449903702327410e+01  4.803828155200590e+02  2.106615626107577e+02  9.146330735362302e+00  1.000000000000000e+00  6.968788491492438e-02  4.739259996847963e-07
fg5cf1cb3f1wk 4.949311114797299e+00  8.090235033355755e+00  3.911731377371531e+03  2.519432814191346e+02  7.609725247276181e+01  6.319834053124278e-02  6.173313656328509e-07
fg5cf1cb3f2wk 3.945470307353140e+00  1.725536376055440e+01  2.647756338344909e+04  3.092207775386098e+02  7.937481962817412e+01  6.226382459976890e-02  6.442224985416212e-07
fg5cf1cb3f3wk 9.449903702327410e+01  4.803828155200590e+02  3.061208672030846e+04  4.659890276186999e+02  7.417234852106738e+01  6.968788491492438e-02  8.162640468635960e-07
fg5cf1cb3t1wk 1.061324222198722e+00  3.612357701902374e-01  6.484657950679391e-02  3.003543912346287e-02  1.289484640267829e-04  2.299021093603942e-08  2.128052562213202e-20
fg5cf1cb3t2wk 1.425827762307437e+00  2.911516443170123e-01  6.691728813309335e-02  2.869913958914729e-02  7.564939587803221e-05  2.189306927703667e-07  8.383764211521750e-16
fg5cf1cb3t3wk 9.449903702327410e+01  4.803828155200590e+02  2.106615626107577e+02  9.146330735362302e+00  1.000000000000000e+00  6.968788491492438e-02  4.739259996847963e-07
fg5cf1cb4f1wk 2.114967087674646e+01  1.036581957248223e+01  5.688014311899458e+00  1.683743274079226e+01  3.216496203727345e+01  4.970254178355738e-02  6.032812718799590e-07
fg5cf1cb4f2wk 2.375698220799681e+01  1.097347254001196e+01  8.124221975479351e+00  3.999997028368977e+01  4.758315412445953e+01  5.196427956202637e-02  6.075916911580828e-07
fg5cf1cb4f3wk 9.449903702327410e+01  4.803828155200590e+02  2.106615626107577e+02  1.191235278897279e+02  7.417234852106738e+01  6.968788491492438e-02  8.987925786135798e-07
fg5cf1cb4t1wk 7.823634756782051e-01  7.562418297353132e-02  1.734969759033428e-02  1.000000000000000e+00  3.243890935411214e-05  4.801463976589990e-09  2.664590461171791e-20
fg5cf1cb4t2wk 1.356293596666145e+00  6.971999547744112e-01  1.416597900234746e-01  8.046618026299885e+00  1.168810642020373e-04  4.238390234230723e-07  5.157695747101313e-16
fg5cf1cb4t3wk 9.449903702327410e+01  4.803828155200590e+02  2.106615626107577e+02  8.341497424587200e+01  1.000000000000000e+00  6.968788491492438e-02  4.739259996847963e-07
fg5cf1cb5f1wk 3.502633894250040e+01  1.291751532061965e+01  8.412376503953897e+00  9.915263459811968e+00  2.982343059470569e-01  2.510712872585926e-02  1.668861816414411e-07
fg5cf1cb5f2wk 3.956675579726499e+01  1.788199473663638e+01  9.847662962265542e+00  1.258054851162406e+01  4.441918173840786e-01  2.535668198777125e-02  1.709805693741130e-07
fg5cf1cb5f3wk 9.449903702327410e+01  4.803828155200590e+02  2.106615626107577e+02  3.503373373587809e+01  2.000000000000000e+00  6.968788491492438e-02  9.425627966723782e-07
fg5cf1cb5t1wk 6.427913540154158e-01  7.207574549243427e-02  2.263589312425647e-02  5.350867628674853e-03  1.101917672153215e-04  2.126599493370750e-09  1.167871705847951e-20
fg5cf1cb5t2wk 1.600009115276216e-01  3.112084694192083e-02  1.077806404011251e-02  8.631256503339309e-04  1.219508890018169e-04  2.668660443001120e-08  8.902959961756456e-17
fg5cf1cb5t3wk 9.449903702327410e+01  4.803828155200590e+02  2.106615626107577e+02  9.146330735362302e+00  1.000000000000000e+00  6.968788491492438e-02  4.739259996847963e-07
fg5cf1cb6f1wk 4.845352817631511e+03  2.759840073104853e+03  3.802175198626002e+04  6.663658676997086e+00  9.870500122037438e-01  1.109957426378291e-04  8.780647746721515e-09
fg5cf1cb6f2wk 1.130808715555210e+03  2.074408459411996e+03  2.549683650242673e+04  1.820398892454621e+01  3.359381252640336e+00  1.386952971418320e-04  7.582914881562571e-09
fg5cf1cb6f3wk 2.672715826676252e+03  2.376486172716278e+03  4.079895801531758e+04  4.846144318357717e+01  8.757020742506965e+00  6.968788491492438e-02  4.739259996847963e-07
fg5cf1cb6t1wk 5.802094629848904e+00  2.134295626265169e+00  5.882636467735547e-01  2.364685802851881e-01  3.071688319271920e-04  6.814540805522173e-01  5.994134418354586e-17
fg5cf1cb6t2wk 2.677337228732878e+00  1.000000000000000e+00  5.594033738942980e-01  2.251478931580917e-01  2.990283551623060e-04  1.116175122037186e-01  5.913848938387514e-15
fg5cf1cb6t3wk 9.449903702327410e+01  4.803828155200590e+02  2.106615626107577e+02  9.146330735362302e+00  1.000000000000000e+00  6.968788491492438e-02  4.739259996847963e-07
fg5cf1cb7f1wk 1.297780286858540e+02  1.243040279419110e+03  8.601720418110275e+03  1.499218059348739e+02  2.959133561677556e-02  2.844116151257772e-01  7.120349257217537e-19
fg5cf1cb7f2wk 6.340820207699418e+02  4.287189439918366e+03  1.028631303136572e+04  2.284145945475721e+02  2.012979315017906e-01  1.789021490671197e-01  2.923376545602547e-14
fg5cf1cb7f3wk 2.913418869333043e+03  7.752460615686083e+03  2.647756338344909e+04  4.197509644704465e+02  8.155784344690943e+00  9.246034528012309e-02  4.739259996847963e-07
fg5cf1cb7t1wk 5.160199645212923e-01  8.493467072972155e-02  2.660237822207935e-02  1.529926275447138e-02  9.393858213593155e-04  1.853278101238081e-06  7.463434365403432e-09
fg5cf1cb7t2wk 1.773993966302088e+00  7.172589220756307e-01  3.573916538785626e-01  4.388745437512993e-01  9.251244104837698e-03  9.777752696717910e-06  1.126682648888865e-08
fg5cf1cb7t3wk 9.449903702327410e+01  4.803828155200590e+02  2.106615626107577e+02  9.146330735362302e+00  1.000000000000000e+00  6.968788491492438e-02  4.739259996847963e-07
fg5cf1cb15f1wk 5.436461928348951e+01  1.025039621296644e+01  7.812157416233157e+00  1.141553965638983e+01  2.912438341184765e-01  2.545046350987968e-02  1.652358293278716e-07
fg5cf1cb15f2wk 2.482415122641521e+01  2.767033326331610e+00  3.637701952300670e+00  1.236136286581739e+01  4.288000745853278e-01  2.543221637618693e-02  1.679000116745834e-07
fg5cf1cb15f3wk 9.449903702327410e+01  4.803828155200590e+02  2.106615626107577e+02  2.630837746359442e+01  1.999779762654775e+00  6.968788491492438e-02  8.669305402163363e-07
fg5cf1cb15t1wk 6.869156016114339e+00  4.187397003544181e-01  1.019531322205946e-01  3.293909568955461e-02  1.503300703541799e-04  6.560079216687134e-09  2.171567924820501e-19
fg5cf1cb15t2wk 1.092899683645910e+01  6.088261582260603e-01  1.775765513146879e-01  3.628604855176770e-02  2.149223131743972e-04  1.872627696543925e-07  2.651929347308337e-15
fg5cf1cb15t3wk 9.449903702327410e+01  4.803828155200590e+02  2.106615626107577e+02  9.146330735362302e+00  1.000000000000000e+00  6.968788491492438e-02  4.739259996847963e-07
fg5cf1cb56f1wk 1.207780910599539e+02  1.032198449728041e+01  6.748034678907689e+00  8.885039945437189e+00  6.510859460649424e-02  7.441042092459330e-05  7.541677532181434e-09
fg5cf1cb56f2wk 2.779598278533748e+02  1.740911443619255e+01  8.160647617274687e+00  9.146330735362303e+00  7.518239804405985e-02  7.639295842405537e-05  7.915883377288643e-09
fg5cf1cb56f3wk 5.206872964899343e+02  4.803828155200590e+02  2.106615626107577e+02  9.146330735362302e+00  1.000000000000000e+00  6.968788491492438e-02  4.739259996847963e-07
fg5cf1cb56t1wk 3.335707652382717e+00  1.680937681226034e+00  4.677326628033348e-01  1.744310263520495e-01  6.034397226610298e-04  3.557173948817010e-01  4.184437924583477e-17
fg5cf1cb56t2wk 5.873235296102949e-01  4.671120902329424e-02  1.824148428345340e-02  6.947911900818293e-03  6.458329570840747e-04  1.343902857398571e-01  8.167968436951486e-16
fg5cf1cb56t3wk 9.449903702327410e+01  4.803828155200590e+02  2.106615626107577e+02  9.146330735362302e+00  3.885031771621868e+00  9.299213424690059e-02  4.739259996847963e-07
fg5cf1cb67f1wk 2.473327344614399e+02  1.519834033111480e+02  1.386756855708090e+02  1.000000000000000e+00  1.803166905458341e-03  4.302152824551859e-10  6.198870429831105e-21
fg5cf1cb67f2wk 1.282652336303234e+02  3.374769427009830e+02  2.595777185832438e+02  5.130301441112867e+00  1.298044489568674e-01  4.295546528740750e-06  1.840151193661068e-16
fg5cf1cb67f3wk 1.771343203203079e+03  1.772267394878568e+03  1.034908624564602e+03  1.191235278897279e+02  1.000000000000000e+00  6.968788491492438e-02  4.739259996847963e-07
fg5cf1cb67t1wk 2.271302592239457e+00  1.000000000000000e+00  4.084778301658540e-01  4.107244671751837e-01  5.707731142564260e-02  3.529018420323488e-02  1.805428615719174e-07
fg5cf1cb67t2wk 3.544667762563801e+00  1.948459211436531e+00  1.000000000000000e+00  1.000000000000000e+00  1.349071011688216e-01  3.379539032538673e-02  3.053533538394356e-07
fg5cf1cb67t3wk 9.449903702327410e+01  4.803828155200590e+02  2.106615626107577e+02  9.146330735362302e+00  1.000000000000000e+00  6.968788491492438e-02  9.425627966723782e-07
fg5cf1cb567f1wk 1.480742900105788e+02  5.988909769117681e+01  1.169340551405608e+01  4.992510215240043e+00  1.384284174492744e-06  3.589162856546044e-09  3.115738011932772e-21
fg5cf1cb567f2wk 7.829757334101349e+01  8.759716856294918e+01  7.271298917945560e+01  9.146330735362303e+00  1.544400081446976e-03  5.552395379735205e-06  7.571381171643262e-15
fg5cf1cb567f3wk 8.861783139702560e+02  8.954667128234362e+02  7.076714490378690e+02  1.330267108451173e+02  1.000000000000000e+00  6.968788491492438e-02  4.739259996847963e-07
fg5cf1cb567t1wk 9.025028346350233e-01  1.515466934358535e-01  5.164227726480138e-02  8.958142316722942e+00  9.024478686997818e+01  4.597798450901761e-02  9.147938487214060e-07
fg5cf1cb567t2wk 1.612812452945895e+00  8.141141611263580e-01  4.445567294514153e-01  1.500000150880132e+01  8.860275587637774e+01  4.909564140281998e-02  8.608170169413346e-07
fg5cf1cb567t3wk 9.449903702327410e+01  4.803828155200590e+02  2.106615626107577e+02  8.274979965342503e+01  7.417234852106738e+01  6.968788491492438e-02  8.586946305651546e-07
