dreps 8.248425521483475e-06  8.074771471667918e-08  2.022764525379807e-10  9.163715152486905e-09  1.526959566162670e-09  3.004904966669616e-10  2.338909547498055e-11
ureps0 3.856120885923680e-08  9.388953199184335e-13  5.946256742687176e-12  3.851143446480187e-13  8.740336220652689e-12  1.698184779233002e-13  4.376670951272681e-13
ureps1wk 2.585280820960244e-08  5.405539343017439e-12  5.025302449346042e-12  9.153249208453749e-13  9.363376678488678e-12  2.787342878972072e-13  1.223700308730139e-12
ureps2wk 1.223513408438974e-07  2.907811077178427e-11  1.139295769635286e-11  1.039685559262793e-12  1.072154545553881e-11  2.822152407192629e-13  1.000000134947610e-12
ureps3wk 3.948867677419128e-07  1.410783443593650e-08  5.102460911208255e-11  6.288088144808634e-09  1.526959566162670e-09  2.440119717575677e-10  1.186259897433660e-12
ureps4wk 1.080770794577522e-06  7.207093350250220e-08  1.684313329925327e-10  7.805238545077122e-09  1.526959566162670e-09  3.004904966669616e-10  2.338909547498055e-11
urepsB0 2.607790588004718e-08  6.650401573984400e-13  7.808626611858470e-12  4.754207110541719e-13  8.887172070257035e-12  1.441273764414737e-13  3.826923097114089e-13
urepsB1wk 7.622989831705972e-08  5.200850829532241e-12  4.991309681025005e-12  9.055899974038741e-13  9.054162038935581e-12  2.788085583989312e-13  1.164363780715936e-12
urepsB2wk 1.389439028335141e-07  5.019695377345225e-11  1.166194894033407e-11  1.123751514797423e-12  1.035623346706557e-11  2.816964891419482e-13  1.000000048566662e-12
urepsB3wk 3.250149855546353e-07  1.410783443593650e-08  5.197233459863010e-11  6.288088144808634e-09  1.526959566162670e-09  2.440119717575677e-10  1.332051760709791e-12
urepsB4wk 1.080770794577522e-06  7.207093350250220e-08  1.684313329925327e-10  7.805238545077122e-09  1.526959566162670e-09  3.004904966669616e-10  2.338909547498055e-11
urepsC0 1.661751264611545e-07  1.193463483165833e-11  5.000055889728534e-12  8.843188653558643e-12  1.280747697070484e-11  1.055384002609111e-12  1.851276237706119e-11
urepsC1wk 1.518319725247609e-07  1.765190593379998e-10  6.683503630539328e-12  8.843158069847940e-12  1.280537030835916e-11  1.031756591724420e-12  1.488413099047310e-11
urepsC2wk 1.157622189077189e-07  1.287977554146931e-10  1.170379789703323e-11  5.086269955068051e-12  1.238606423389277e-11  1.002532547226762e-12  1.220333172019044e-11
urepsC3wk 4.572241456968494e-07  1.410783443593650e-08  5.197233459863010e-11  6.288088144808634e-09  1.526959566162670e-09  2.440119717575677e-10  3.215452290491479e-12
urepsC4wk 1.080770794577522e-06  7.207093350250220e-08  1.684313329925327e-10  7.805238545077122e-09  1.526959566162670e-09  3.004904966669616e-10  2.338909547498055e-11
ereps0 6.499387598810456e-07  3.053556428023091e-08  9.020926059279276e-09  5.867945421384736e-09  3.249220193904650e-09  2.043581385461206e-09  2.752432281158451e-08
ereps1wk 8.765955379604726e-07  1.689430656294392e-07  8.743130906396943e-08  2.694736565070953e-08  2.805314831229998e-09  5.182447357371126e-10  9.313704747988814e-09
ereps2wk 9.873956221367453e-07  6.190442153326039e-08  2.923394947459951e-08  4.476265113454791e-09  3.841423566807104e-10  6.494330381599851e-11  9.840704243142201e-10
ereps3wk 8.041563824477395e-07  6.403690959877623e-08  1.000015230259543e-09  6.288088144808634e-09  1.526959566162670e-09  2.440119717575677e-10  2.882993474059554e-10
ereps4wk 1.080770794577522e-06  7.207093350250220e-08  3.264563887685728e-10  7.805238545077122e-09  1.526959566162670e-09  3.004904966669616e-10  2.338909547498055e-11
creps0 1.000000000000000e-35  1.000000000000000e-35  1.000000000000000e-35  1.000000000000000e-35  1.000000000000000e-35  1.000000000000000e-35  1.000000000000000e-35
creps1wk 1.000000000000000e-35  1.000000000000000e-35  1.000000000000000e-35  1.000000000000000e-35  1.000000000000000e-35  1.000000000000000e-35  1.000000000000000e-35
creps2wk 1.000000000000000e-35  1.000000000000000e-35  1.000000000000000e-35  1.000000000000000e-35  1.000000000000000e-35  1.000000000000000e-35  1.000000000000000e-35
creps3wk 6.806198388504662e-08  1.410783443593650e-08  1.316437076465721e-11  6.288088144808634e-09  1.526959566162670e-09  2.440119717575677e-10  1.000000000000000e-35
creps4wk 1.080770794577522e-06  7.207093350250220e-08  1.419099860205454e-10  7.805238545077122e-09  1.526959566162670e-09  3.004904966669616e-10  2.338909547498055e-11
rreps0 3.395642574895869e-01  2.374432122159011e-01  2.434760753172254e-01  2.826698325690037e-01  1.242225204284094e-01  2.328484143860240e-01  2.737772541407056e-01
rreps1wk 2.323296324531259e-01  2.319713915034008e-01  2.392857514337151e-01  2.421115669225186e-01  2.080785286902537e-01  2.421115669225186e-01  2.421115669225186e-01
rreps2wk 5.475292710632065e-02  5.234518603745419e-02  5.136168784468845e-02  5.067258527118110e-02  3.578675348946045e-02  4.636211682151012e-02  4.927612940345778e-02
rreps3wk 5.843689855679304e-05  3.869488149320694e-07  1.115755574615935e-09  5.763384391657473e-08  1.012644815521932e-08  1.004634707791758e-09  2.280871198138679e-09
rreps4wk 8.248425521483475e-06  1.103658808834542e-07  3.264563887685728e-10  2.190057492781091e-08  4.962478666954067e-09  4.972735243946209e-10  3.373193050389832e-10
rreps0d0 0.000000000000000e+00  1.000000000000000e-35  1.000000000000000e-35  1.000000000000000e-35  1.000000000000000e-35  1.000000000000000e-35  1.000000000000000e-35
rreps0d1wk 1.000000000000000e-35  1.000000000000000e-35  1.000000000000000e-35  1.000000000000000e-35  1.000000000000000e-35  1.000000000000000e-35  1.000000000000000e-35
rreps0d2wk 5.475292710632065e-02  5.234518603745419e-02  5.136168784468845e-02  5.067258527118110e-02  3.578675348946045e-02  4.636211682151012e-02  4.927612940345778e-02
rreps0d3wk 5.843689855679304e-05  3.869488149320694e-07  1.115755574615935e-09  5.763384391657473e-08  1.012644815521932e-08  1.004634707791758e-09  2.280871198138679e-09
rreps0d4wk 8.248425521483475e-06  1.103658808834542e-07  3.264563887685728e-10  2.190057492781091e-08  4.962478666954067e-09  4.972735243946209e-10  3.373193050389832e-10
rreps7m0 7.996578037631859e-02  7.500790143065619e-02  8.552627230164414e-02  7.759197410743349e-02  7.693375713376024e-02  7.693375713376024e-02  7.539389568873044e-02
rreps7m1wk 1.044929826515834e-01  1.029795233494622e-01  8.966720702447906e-02  8.791429050717746e-02  8.791429050717746e-02  8.791429050717746e-02  8.791429050717746e-02
rreps7m2wk 5.729928121185641e-02  6.453539352382609e-02  5.185027730685605e-02  4.174188619382088e-02  4.128897594987681e-02  4.554328126900420e-02  4.284243555505202e-02
rreps7m3wk 5.843689855679304e-05  3.869488149320694e-07  1.115755574615935e-09  5.763384391657473e-08  1.012644815521932e-08  1.004634707791758e-09  2.280871198138679e-09
rreps7m4wk 8.248425521483475e-06  1.103658808834542e-07  3.264563887685728e-10  2.190057492781091e-08  4.962478666954067e-09  4.972735243946209e-10  3.373193050389832e-10
lj1m0 1.547976909226872e-07  7.115038197449504e-08  7.430795278973689e-09  1.000000000000000e-35  2.807852399932451e-12  1.353856736046440e-08  3.308833631240149e-08
lj1m1wk 9.003137184034467e-08  5.023975461306132e-08  3.946460614242297e-09  1.000000000000000e-35  1.090263658032384e-12  3.684709040552125e-09  3.514900616554735e-09
lj1m2wk 2.882008917600673e-07  5.997115941990334e-08  9.799413808280996e-10  1.000000000000000e-35  1.155918493681185e-11  4.662800078667501e-09  5.145952568083645e-10
lj1m3wk 9.873956221367453e-07  6.699339586323573e-08  1.723526570102088e-10  6.288088144808634e-09  1.685254306438917e-09  1.004634707791758e-09  7.647888811496903e-11
lj1m4wk 8.248425521483475e-06  7.207093350250220e-08  1.419099860205454e-10  7.805238545077122e-09  1.526959566162670e-09  4.972735243946209e-10  2.338909547498055e-11
lj1u0 1.148773029263011e-07  1.789034895902203e-10  7.928659600010597e-13  1.000000000000000e-35  6.451993502177370e-12  3.741203251308706e-10  3.131578543498444e-11
lj1u1wk 1.672971238493120e-04  7.995890085047930e-10  6.878537230917845e-13  1.000000000000000e-35  1.372269499556121e-11  5.845327430862912e-10  2.235424582719944e-11
lj1u2wk 1.916312918378452e-03  1.174506124340010e-10  5.157499228887721e-13  1.000000000000000e-35  7.575446593935140e-11  1.000645488496193e-09  5.094946751300440e-11
lj1u3wk 1.962262924967294e-05  1.410783443593650e-08  1.316437076465721e-11  6.288088144808634e-09  1.526959566162670e-09  1.004634707791758e-09  1.000000072251145e-11
lj1u4wk 8.248425521483475e-06  7.207093350250220e-08  1.419099860205454e-10  7.805238545077122e-09  1.526959566162670e-09  4.972735243946209e-10  2.338909547498055e-11
lj2m0 2.995519863389322e-07  2.758786178531456e-07  1.391776568254668e-07  1.229910530587414e-11  3.202016162076142e-10  4.314545512267633e-08  5.540524096582806e-08
lj2m1wk 4.947117456311684e-07  2.439516212850070e-07  1.459683550664561e-07  9.182059581367665e-12  1.000000214961349e-10  2.024886319235326e-08  7.592781661989299e-09
lj2m2wk 4.292759988489247e-07  2.640246315746503e-07  4.272501656284626e-08  7.872964978203083e-12  1.884459662533448e-10  1.484314950555226e-08  1.039507944939834e-09
lj2m3wk 9.707498548299657e-07  1.678038116207810e-07  5.286401060418506e-10  6.288088144808634e-09  1.526959566162670e-09  1.004634707791758e-09  2.593499562992055e-10
lj2m4wk 8.248425521483475e-06  8.074771471667918e-08  1.723526570102088e-10  7.805238545077122e-09  1.526959566162670e-09  4.972735243946209e-10  2.671653033275193e-11
lj2u0 8.050137375169712e-09  1.184120338547393e-09  3.608157271604108e-12  1.000000000000000e-35  4.328159154797675e-11  9.902113164691960e-10  6.541634356033351e-11
lj2u1wk 3.278415949538312e-06  1.892502087499314e-09  3.383495710578333e-12  1.000000000000000e-35  7.956310881461330e-11  1.001179103290425e-09  4.484510148472422e-11
lj2u2wk 1.060623778587375e-04  2.218850489027380e-09  2.666869802266253e-12  1.000000000000000e-35  1.098373411405948e-10  1.305586354748148e-09  1.000000000033088e-10
lj2u3wk 2.208013055612594e-05  1.410783443593650e-08  1.316437076465721e-11  6.288088144808634e-09  1.526959566162670e-09  1.004634707791758e-09  1.644308586675117e-11
lj2u4wk 4.705754902802255e-06  7.207093350250220e-08  1.419099860205454e-10  7.805238545077122e-09  1.526959566162670e-09  4.972735243946209e-10  2.338909547498055e-11
lj5m0 1.134820478020230e-06  1.224416916461704e-06  5.991394673619665e-07  3.681656538983275e-08  7.896194699322300e-08  1.948383015083231e-07  1.514568437061107e-07
lj5m1wk 2.189165908813773e-06  1.208994268406162e-06  6.910084336005401e-07  8.582395527941723e-09  2.108583075812691e-08  9.861582274977417e-08  3.169237738695683e-08
lj5m2wk 1.583966854633814e-06  9.486204966741880e-07  3.333862937639035e-07  1.325706799108115e-09  8.477056096389509e-09  2.998250714191045e-08  3.195195342230891e-09
lj5m3wk 2.564796392454551e-06  2.145203306046632e-07  8.726264184947900e-10  6.288088144808634e-09  6.165435579978481e-09  1.004634707791758e-09  7.150803100722969e-10
lj5m4wk 2.353192147654436e-06  9.827709794015610e-08  2.748555661211446e-10  7.805238545077122e-09  2.403191554564520e-09  4.972735243946209e-10  3.805107153160051e-11
lj5u0 4.178404032112810e-08  1.357642944516450e-08  3.894662262005902e-10  4.414088909249966e-12  1.105954701635908e-10  1.987901361583671e-09  1.527520053574947e-10
lj5u1wk 4.858671006446222e-08  1.244127158350606e-08  4.231518391956954e-10  4.556597783503304e-12  1.094942662981264e-10  2.008955546400767e-09  1.092104419035516e-10
lj5u2wk 1.030325970193333e-06  1.503874220190870e-08  1.189958938020351e-10  5.009666749912692e-12  1.099437064372994e-10  1.793491915681674e-09  1.000018551251182e-10
lj5u3wk 2.564796392454551e-06  1.410783443593650e-08  5.102460911208255e-11  6.288088144808634e-09  1.526959566162670e-09  1.001697496673225e-09  3.288355037803811e-11
lj5u4wk 8.248425521483475e-06  7.207093350250220e-08  1.419099860205454e-10  7.805238545077122e-09  1.526959566162670e-09  4.972735243946209e-10  2.338909547498055e-11
lj1c0 2.986915832430136e-05  2.858468821490073e-05  1.718007930997189e-05  1.000000000000000e-35  7.336836435199788e-05  8.241048189900734e-05  2.817607906550301e-15
lj1c1wk 4.552236353574353e-05  3.753708558252773e-05  1.869017793838823e-05  1.000000000000000e-35  7.018279780071256e-05  6.792854417316373e-05  1.000012580944706e-14
lj1c2wk 7.251779349099251e-05  3.952393332445010e-05  2.246322374558503e-05  1.184960110444807e-08  2.273178396750864e-05  1.001697496673225e-09  1.000009694361766e-09
lj1c3wk 5.843689855679304e-05  3.869488149320694e-07  1.115755574615935e-09  2.190057492781091e-08  9.065137438122330e-09  3.870743430394683e-10  8.442671710567700e-10
lj1c4wk 8.248425521483475e-06  1.103658808834542e-07  3.264563887685728e-10  1.184960110444807e-08  4.368921712739180e-09  3.870743430394683e-10  3.373193050389832e-10
lj2c0 1.104495172566084e-04  9.940681831819470e-05  7.329453291896289e-05  3.240392432318854e-05  9.723624122784261e-05  1.033581980631386e-04  3.763064525269954e-05
lj2c1wk 3.986544650104039e-04  1.706457787252807e-04  8.022940540468977e-05  3.017250306769579e-05  9.340327602230111e-05  9.259217598921402e-05  4.061161045234207e-05
lj2c2wk 2.407091054070276e-04  1.353716264852411e-04  7.361104998106757e-05  8.058484723273895e-06  6.057054492005621e-05  7.999181344903309e-08  2.528940392237942e-05
lj2c3wk 5.843689855679304e-05  3.869488149320694e-07  1.115755574615935e-09  3.575340478792953e-08  1.012644815521932e-08  8.986710252997364e-10  2.280871198138679e-09
lj2c4wk 8.248425521483475e-06  1.103658808834542e-07  3.264563887685728e-10  1.614167155384874e-08  4.962478666954067e-09  4.972735243946209e-10  3.373193050389832e-10
lj5c0 8.714607175374130e-04  6.534261082721616e-04  5.083098739941869e-04  2.084674939662597e-04  1.441989523901780e-04  1.476601307583305e-04  1.190401363445703e-04
lj5c1wk 9.080000058691996e-04  7.177824499775773e-04  5.067483907661543e-04  2.157277963491390e-04  1.498505432754088e-04  1.363153575319338e-04  1.169088900983755e-04
lj5c2wk 4.565799123053653e-04  4.748258698949778e-04  3.973500314324104e-04  1.404053339260105e-04  1.496330974175304e-04  8.241199303395127e-05  1.246630095393222e-04
lj5c3wk 5.843689855679304e-05  3.869488149320694e-07  1.115755574615935e-09  5.763384391657473e-08  1.012644815521932e-08  1.004634707791758e-09  2.280871198138679e-09
lj5c4wk 8.248425521483475e-06  1.103658808834542e-07  3.264563887685728e-10  2.190057492781091e-08  4.962478666954067e-09  4.972735243946209e-10  3.373193050389832e-10
fg5uf1u0 4.174225842357132e-05  1.944008569891876e-06  3.428016398129674e-08  7.801912978758692e-12  1.401525517603055e-08  1.560962135519845e-08  6.094752476925476e-10
fg5uf1u1wk 7.371844319691516e-03  1.502237377766427e-06  1.851682127061975e-08  2.113901096115694e-11  1.193633746139054e-08  1.528970770649368e-08  3.739520609683326e-10
fg5uf1u2wk 4.679077797494933e-03  1.250858993190521e-06  4.110536677110271e-09  5.022304270067433e-11  5.735746649954883e-09  9.224258171318568e-09  2.601617008990936e-10
fg5uf1u3wk 1.763744153454022e-05  1.124666405410332e-07  4.492092717370230e-10  6.288088144808634e-09  3.135973822750455e-09  1.004634707791758e-09  6.005194597947039e-11
fg5uf1u4wk 8.248425521483475e-06  8.074771471667918e-08  2.149975695892271e-10  7.805238545077122e-09  1.526959566162670e-09  4.972735243946209e-10  2.338909547498055e-11
fg5mf1u0 6.169418339078209e-06  4.193991050379342e-06  2.062725614033123e-06  8.262938525555348e-08  8.731393576998679e-08  1.544765870765255e-07  3.402710768826709e-08
fg5mf1u1wk 1.035537785872544e-05  6.411391754114098e-06  2.933359193260097e-06  1.907011429488874e-07  1.072152439880959e-07  1.023734932311026e-07  5.514830789620189e-09
fg5mf1u2wk 7.076284727747562e-06  6.216476390494559e-06  1.944203495653978e-06  2.237889311416617e-08  5.241760734995602e-08  3.478967911711317e-08  1.000009694361766e-09
fg5mf1u3wk 3.590997605349712e-06  3.869488149320694e-07  1.115755574615935e-09  1.184960110444807e-08  9.065137438122330e-09  1.004634707791758e-09  2.703698127333478e-10
fg5mf1u4wk 8.248425521483475e-06  1.103658808834542e-07  3.264563887685728e-10  7.805238545077122e-09  4.148928979787313e-09  4.972735243946209e-10  3.567610386204246e-11
fg5uf1m0 1.158194123464655e-03  8.353214096174072e-04  6.361366898695087e-04  9.288551629494927e-06  4.636501602807305e-04  6.604078782186498e-05  3.145373431743450e-06
fg5uf1m1wk 1.372588427079976e-03  7.564723268969407e-04  6.043861317637650e-04  1.307064886203914e-06  3.934567218466219e-04  2.820944718685586e-05  3.144881442777703e-06
fg5uf1m2wk 1.094553969340250e-02  4.607291361670252e-04  2.982724728847045e-04  3.277317575332434e-06  1.987410653735514e-04  2.571530728501145e-05  3.028193190914952e-06
fg5uf1m3wk 5.843689855679304e-05  3.869488149320694e-07  1.115755574615935e-09  4.912291245520286e-08  1.012644815521932e-08  1.004634707791758e-09  2.280871198138679e-09
fg5uf1m4wk 8.248425521483475e-06  1.103658808834542e-07  3.264563887685728e-10  1.942150599603165e-08  4.962478666954067e-09  4.972735243946209e-10  3.373193050389832e-10
fg5mf1m0 1.730588279800023e-02  1.546128909010309e-02  1.349743630345768e-02  1.022454389745820e-02  6.059758815200522e-03  1.499131716738963e-03  1.763029879958069e-03
fg5mf1m1wk 1.846988459082150e-02  1.681023500340761e-02  1.586353211708725e-02  1.403590341375942e-02  1.203077435465094e-02  4.015721914357974e-04  6.392027953211650e-06
fg5mf1m2wk 6.908065247737807e-03  7.074561261950929e-03  6.559539289068293e-03  5.619812230469585e-03  4.084591100697949e-03  7.456238478989134e-05  3.344146990351748e-06
fg5mf1m3wk 5.843689855679304e-05  3.869488149320694e-07  1.115755574615935e-09  4.912291245520286e-08  1.012644815521932e-08  1.004634707791758e-09  2.280871198138679e-09
fg5mf1m4wk 8.248425521483475e-06  1.103658808834542e-07  3.264563887685728e-10  1.942150599603165e-08  4.962478666954067e-09  4.972735243946209e-10  3.373193050389832e-10
fg8uf05m0 2.046831968553134e-03  1.635892554159207e-03  1.375259183830222e-03  1.298427122497722e-03  1.631557136078348e-03  1.536788252617425e-03  8.992520786345969e-04
fg8uf05m1wk 1.818472446637281e-03  1.524159725685430e-03  1.178936347002172e-03  1.178936345687627e-03  1.536098764086066e-03  1.387466683257298e-03  1.091247339458926e-04
fg8uf05m2wk 1.815708222612268e-03  9.746341176375313e-04  7.518320277008972e-04  7.518320277008972e-04  9.510610620321113e-04  8.409781830575425e-04  3.344193228056521e-06
fg8uf05m3wk 5.843689855679304e-05  3.869488149320694e-07  1.115755574615935e-09  5.763384391657473e-08  1.012644815521932e-08  1.004634707791758e-09  2.280871198138679e-09
fg8uf05m4wk 8.248425521483475e-06  2.205991863442913e-07  8.726264184947900e-10  4.912291245520286e-08  9.065137438122330e-09  1.001697496673225e-09  1.966074620387212e-09
fg2uf05m0 5.351382219491419e-04  2.468952323440144e-04  1.596126807586755e-04  1.000000000000000e-35  7.208433595923035e-09  3.073806531215948e-08  5.594675611615909e-08
fg2uf05m1wk 1.447691706089410e-02  2.627383254605971e-04  1.212685968828774e-04  1.000000000000000e-35  6.432442247221909e-09  2.864413318784623e-08  1.558020313471263e-08
fg2uf05m2wk 9.108096872447126e-03  1.011824994888000e-04  5.784372166309729e-05  1.000000000000000e-35  6.167303175770521e-09  3.580907642635152e-08  1.051856199351404e-08
fg2uf05m3wk 5.615223267860514e-05  3.869488149320694e-07  1.115755574615935e-09  6.288088144808634e-09  6.683707140885599e-09  1.004634707791758e-09  1.966074620387212e-09
fg2uf05m4wk 8.248425521483475e-06  2.205991863442913e-07  8.726264184947900e-10  6.288088144808634e-09  7.930043768444110e-09  1.001697496673225e-09  1.720084821015474e-09
fg5mf1c0 4.300887747422730e-03  3.558709971139207e-03  2.792411794937976e-03  1.502036822795686e-03  2.170709140589973e-04  7.058496863317724e-05  3.678712687194056e-05
fg5mf1c1wk 3.117116006940157e-03  2.209004838692797e-03  1.814242877800377e-03  9.243125575242201e-04  1.114474719935660e-04  4.880957702652095e-05  1.426372647040384e-05
fg5mf1c2wk 2.753560122498888e-03  2.521526096749968e-03  1.976381764651557e-03  7.843660471358309e-04  1.138965870077061e-04  3.638615183464925e-05  5.239377436380454e-06
fg5mf1c3wk 5.843689855679304e-05  3.869488149320694e-07  1.115755574615935e-09  5.763384391657473e-08  1.012644815521932e-08  1.004634707791758e-09  2.280871198138679e-09
fg5mf1c4wk 8.248425521483475e-06  1.103658808834542e-07  3.264563887685728e-10  2.190057492781091e-08  4.962478666954067e-09  4.972735243946209e-10  3.373193050389832e-10
fg5mf1c0d0 3.142937679068775e-06  1.994426554580356e-06  1.971390890378605e-11  1.000000000000000e-35  1.000000000000000e-35  8.918177287763021e-11  5.401890168429651e-15
fg5mf1c0d1wk 9.812338089687030e-06  5.425517919724062e-06  2.154038718422870e-11  1.000000000000000e-35  1.658821893239923e-17  3.665212595515622e-11  8.568737026164574e-16
fg5mf1c0d2wk 4.912869773442540e-05  7.090420343708550e-06  5.306796014091328e-11  1.000000000000000e-35  2.079089359573764e-12  1.263282106752327e-10  1.000044097710222e-15
fg5mf1c0d3wk 3.392981142171672e-05  1.103658808834542e-07  3.264563887685728e-10  6.288088144808634e-09  4.368921712739180e-09  7.294495948990529e-10  3.617530785217265e-12
fg5mf1c0d4wk 8.248425521483475e-06  8.587662376282296e-08  1.684313329925327e-10  7.805238545077122e-09  1.526959566162670e-09  4.972735243946209e-10  2.338909547498055e-11
fg8uf05c0d0 2.470406874713373e-07  1.129030155828947e-12  1.000000000000000e-35  1.000000000000000e-35  1.000000000000000e-35  1.000000000000000e-35  1.000000000000000e-35
fg8uf05c0d1wk 3.200109881786169e-04  1.319605239561730e-10  1.000000000000000e-35  1.000000000000000e-35  1.000000000000000e-35  1.000000000000000e-35  1.000000000000000e-35
fg8uf05c0d2wk 5.698387993997244e-02  2.108910259301868e-02  8.726264184947900e-10  1.416015596699444e-13  5.311392673184841e-09  1.004634707791758e-09  1.966074620387212e-09
fg8uf05c0d3wk 4.893920582816868e-06  8.587662376282296e-08  3.264563887685728e-10  2.237889311416617e-08  5.040385422250349e-09  7.239258159672118e-10  7.150803100722969e-10
fg8uf05c0d4wk 2.564796392454551e-06  1.103658808834542e-07  3.264563887685728e-10  1.942150599603165e-08  5.040385422250349e-09  7.239258159672118e-10  7.150803100722969e-10
fg2uf05c0d0 1.038179410409726e-03  1.000000000000000e-35  1.000000000000000e-35  1.000000000000000e-35  1.047610393095256e-12  1.022769126473544e-10  5.285407807233350e-14
fg2uf05c0d1wk 2.059709235772854e-02  1.749079748988327e-07  1.000000000000000e-35  1.000000000000000e-35  7.795762986050454e-12  4.096507548437109e-10  4.058507883905387e-13
fg2uf05c0d2wk 2.532536252569355e-02  8.587662376282296e-08  1.000000000000000e-35  1.000000000000000e-35  1.211092086871152e-10  1.008863001737431e-09  1.000004000879470e-12
fg2uf05c0d3wk 2.132487333163321e-05  8.587662376282296e-08  1.316437076465721e-11  6.288088144808634e-09  4.368921712739180e-09  1.004634707791758e-09  3.085306159506983e-12
fg2uf05c0d4wk 5.277169572424868e-06  8.587662376282296e-08  5.102460911208255e-11  6.288088144808634e-09  3.117460985179687e-09  1.001697496673225e-09  2.338909547498055e-11
fg8uf05c7m0 6.023318739975645e-02  3.303363423003911e-02  2.329015737065489e-02  1.999931207356621e-02  2.300449584531553e-02  1.953473316142271e-02  9.771193982442514e-05
fg8uf05c7m1wk 5.674876479702290e-02  3.445866292842993e-02  2.606918649413029e-02  1.782753480003876e-02  2.626985960515154e-02  2.234972714020554e-02  6.267230627595250e-05
fg8uf05c7m2wk 3.213927831515798e-02  1.621655907055525e-02  1.100900007086468e-02  7.321818727277554e-03  1.094458927235381e-02  9.389936502053720e-03  1.852378010405602e-05
fg8uf05c7m3wk 5.843689855679304e-05  3.869488149320694e-07  1.115755574615935e-09  5.763384391657473e-08  1.012644815521932e-08  1.004634707791758e-09  2.280871198138679e-09
fg8uf05c7m4wk 8.248425521483475e-06  1.103658808834542e-07  3.264563887685728e-10  2.190057492781091e-08  4.962478666954067e-09  4.972735243946209e-10  3.373193050389832e-10
fg2uf05c7m0 7.776783555271619e-03  5.417707326046128e-03  3.029757903703188e-03  1.000000000000000e-35  1.084706142186669e-08  1.607095870850150e-08  1.847822138549084e-08
fg2uf05c7m1wk 4.385591681775806e-03  3.215595014583203e-03  1.601755690617399e-03  1.000000000000000e-35  1.681044880584335e-08  2.077852241869973e-08  5.690318286982999e-09
fg2uf05c7m2wk 3.788922311829889e-03  1.893936100025785e-03  8.488222278639496e-04  1.000000000000000e-35  6.165435579978481e-09  3.423584877405647e-08  1.640642655259023e-08
fg2uf05c7m3wk 5.843689855679304e-05  3.869488149320694e-07  1.115755574615935e-09  6.288088144808634e-09  8.176585533502482e-09  1.004634707791758e-09  2.280871198138679e-09
fg2uf05c7m4wk 8.248425521483475e-06  1.103658808834542e-07  3.264563887685728e-10  7.805238545077122e-09  4.710158242769783e-09  4.972735243946209e-10  3.373193050389832e-10
fg8uf05c0 7.808923714858811e-02  5.677232197197935e-02  4.183921893647016e-02  3.509435824070206e-02  4.395029771969715e-02  3.666198892535239e-02  1.408708266657749e-03
fg8uf05c1wk 7.463790434669045e-02  5.083312489878673e-02  4.009281474050998e-02  3.443630669282707e-02  4.972313261523219e-02  4.367310429712309e-02  2.232716091766457e-02
fg8uf05c2wk 2.216955903260521e-02  1.469884080774195e-02  9.634820828226750e-03  6.338002539519685e-03  1.067071849266182e-02  9.923935672520891e-03  2.555443182377280e-05
fg8uf05c3wk 5.843689855679304e-05  3.869488149320694e-07  1.115755574615935e-09  5.763384391657473e-08  1.012644815521932e-08  1.004634707791758e-09  2.280871198138679e-09
fg8uf05c4wk 8.248425521483475e-06  1.103658808834542e-07  3.264563887685728e-10  2.190057492781091e-08  4.962478666954067e-09  4.972735243946209e-10  3.373193050389832e-10
fg2uf05c0 2.761195218684909e-02  7.674450908306213e-03  4.249731685688910e-03  1.000000000000000e-35  8.955755621285699e-09  2.998510903199599e-08  1.214363209395386e-07
fg2uf05c1wk 4.474698088386390e-02  5.908487258528987e-03  3.418445895649749e-03  1.000000000000000e-35  1.661497699336530e-08  3.658341113145388e-08  7.011068891359324e-08
fg2uf05c2wk 9.970140643123267e-03  1.978579298608295e-03  1.087620450061723e-03  1.000000000000000e-35  7.108050565570052e-09  9.348728578377328e-08  1.774240913397046e-07
fg2uf05c3wk 5.843689855679304e-05  3.869488149320694e-07  1.115755574615935e-09  6.288088144808634e-09  9.065137438122330e-09  1.004634707791758e-09  2.280871198138679e-09
fg2uf05c4wk 8.248425521483475e-06  1.103658808834542e-07  3.264563887685728e-10  7.805238545077122e-09  4.962478666954067e-09  4.972735243946209e-10  3.373193050389832e-10
fg8cf05c0 1.481407279826264e-01  1.297871469617188e-01  1.270266090469093e-01  1.165182443137413e-01  5.820339912755784e-02  1.188484047086585e-01  9.538764635347810e-02
fg8cf05c1wk 1.627529495634934e-01  1.509628760979519e-01  1.465189424125708e-01  1.420972653986395e-01  1.161123851199201e-01  1.379651276814140e-01  1.261159586530052e-01
fg8cf05c2wk 1.671890163531977e-01  1.564344363818511e-01  1.506439935143719e-01  1.446199676664583e-01  1.322984230556866e-01  1.373662006385010e-01  1.388946568676211e-01
fg8cf05c3wk 5.843689855679304e-05  3.869488149320694e-07  1.115755574615935e-09  5.763384391657473e-08  1.012644815521932e-08  1.004634707791758e-09  2.280871198138679e-09
fg8cf05c4wk 8.248425521483475e-06  1.103658808834542e-07  3.264563887685728e-10  2.190057492781091e-08  4.962478666954067e-09  4.972735243946209e-10  3.373193050389832e-10
fg2cf05c0 9.145460016976645e-03  7.066850070117683e-03  6.239911372652511e-03  1.058612417631820e-04  9.114475919459733e-05  1.517161322134875e-04  1.860591212023214e-05
fg2cf05c1wk 1.108362272775177e-03  8.046883569963177e-04  5.356087790327681e-04  8.669065411083872e-05  8.765715129847996e-05  1.697429945299336e-04  3.350296938419301e-05
fg2cf05c2wk 2.602365812724725e-03  1.713037517107648e-03  1.641235742880843e-03  3.169305766339913e-05  4.499293208373866e-05  4.480957397215193e-09  4.142292871975672e-06
fg2cf05c3wk 5.843689855679304e-05  3.869488149320694e-07  1.115755574615935e-09  3.575340478792953e-08  1.012644815521932e-08  5.960911599890816e-10  1.966074620387212e-09
fg2cf05c4wk 8.248425521483475e-06  1.103658808834542e-07  3.264563887685728e-10  1.942150599603165e-08  4.962478666954067e-09  4.972735243946209e-10  3.373193050389832e-10
fg5cf1cA0 3.154463477882828e-02  2.098792048224488e-02  1.802615491518439e-02  1.108601619023913e-02  2.356089905575402e-04  4.335373689103261e-03  2.843557073013677e-04
fg5cf1cA1wk 4.115034273341311e-02  2.005359277258481e-02  1.797209374701342e-02  1.530626780878434e-02  4.929195962619917e-04  1.913517797819133e-03  2.510668204274850e-04
fg5cf1cA2wk 2.975593193458767e-02  8.116030250551340e-03  6.857719311290759e-03  3.305906583434534e-03  3.490798399837125e-04  1.842716131831384e-04  2.217989556656246e-04
fg5cf1cA3wk 5.843689855679304e-05  3.869488149320694e-07  1.115755574615935e-09  5.763384391657473e-08  1.012644815521932e-08  1.004634707791758e-09  2.280871198138679e-09
fg5cf1cA4wk 8.248425521483475e-06  1.103658808834542e-07  3.264563887685728e-10  2.190057492781091e-08  4.962478666954067e-09  4.972735243946209e-10  3.373193050389832e-10
fg5cf1cB0 4.038838014096398e-02  1.996028432890684e-02  1.760632937527770e-02  1.156906820768020e-02  2.354034637327013e-04  4.208183578299806e-03  2.970399705752360e-04
fg5cf1cB1wk 1.213353851726926e-02  1.096377201019631e-02  9.459101490346265e-03  6.361270468080801e-03  3.363224259183641e-04  5.514863680255059e-04  2.118814676338986e-04
fg5cf1cB2wk 4.278998194892612e-02  3.114877257412783e-02  3.093198803000774e-02  2.684889961498494e-02  8.224476516071026e-04  3.600627010598380e-04  2.588016138484071e-04
fg5cf1cB3wk 5.843689855679304e-05  3.869488149320694e-07  1.115755574615935e-09  5.763384391657473e-08  1.012644815521932e-08  1.004634707791758e-09  2.280871198138679e-09
fg5cf1cB4wk 8.248425521483475e-06  1.103658808834542e-07  3.264563887685728e-10  2.190057492781091e-08  4.962478666954067e-09  4.972735243946209e-10  3.373193050389832e-10
fg5cf1cC0 5.229652342777842e-02  1.598533563190888e-02  1.412861522610937e-02  1.043971613142226e-02  2.639082307668865e-04  4.431965258225506e-03  3.120177207654893e-04
fg5cf1cC1wk 1.511145048975496e-02  1.521333801070486e-02  1.349709407400095e-02  1.093335695347267e-02  4.003092143524007e-04  5.157926192581044e-04  2.020844915780766e-04
fg5cf1cC2wk 7.143810466420601e-03  7.140718196812015e-03  6.553361206513404e-03  2.943667340803272e-03  4.575587697143757e-04  1.832405419999793e-04  2.297098978329343e-04
fg5cf1cC3wk 5.843689855679304e-05  3.869488149320694e-07  1.115755574615935e-09  5.763384391657473e-08  1.012644815521932e-08  1.004634707791758e-09  2.280871198138679e-09
fg5cf1cC4wk 8.248425521483475e-06  1.103658808834542e-07  3.264563887685728e-10  2.190057492781091e-08  4.962478666954067e-09  4.972735243946209e-10  3.373193050389832e-10
fg5cf1cb1f1wk 8.836712527316691e-04  9.330982309448664e-08  4.067534652602359e-10  1.160014432796215e-08  2.454645408322467e-09  3.133500520193993e-10  2.900559011026276e-11
fg5cf1cb1f2wk 6.691760551952451e-03  1.078442251343168e-07  3.378795562490217e-10  1.091615231278596e-08  2.485776287807755e-09  3.143356953148828e-10  2.925691835798686e-11
fg5cf1cb1f3wk 1.175950580275025e-05  8.232082782116941e-08  3.264563887685728e-10  1.131306217155696e-08  1.657317389533661e-09  3.036139525286302e-10  2.520004966720164e-11
fg5cf1cb1t1wk 1.945098038331856e-03  2.533069591645172e-03  1.990055623838206e-03  9.378256085930353e-04  2.600398156684920e-04  3.919090618998234e-04  1.704619170548908e-04
fg5cf1cb1t2wk 1.854585643767542e-03  3.533367194893376e-03  3.741034163316561e-03  1.211272697437402e-03  3.375130524560313e-04  1.726687272780690e-04  1.960337986131588e-04
fg5cf1cb1t3wk 5.843689855679304e-05  3.869488149320694e-07  1.115755574615935e-09  5.763384391657473e-08  1.012644815521932e-08  1.004634707791758e-09  2.280871198138679e-09
fg5cf1cb2f1wk 5.484065658222074e-03  6.185273606704279e-07  3.434800267820977e-10  1.141328076177899e-08  2.486844632714635e-09  3.126016422562781e-10  2.818704046466457e-11
fg5cf1cb2f2wk 3.154477172406854e-03  5.340915097496997e-07  3.704175782641444e-10  1.026623508241198e-08  2.147252275855229e-09  3.109544606178026e-10  2.656514863497811e-11
fg5cf1cb2f3wk 5.843689855679304e-05  2.205991863442913e-07  2.861358655065226e-10  8.884139980921893e-09  1.526959566162670e-09  3.003673165850906e-10  2.314111605422767e-11
fg5cf1cb2t1wk 1.106428533669000e-02  8.362540092316708e-03  7.139478369213397e-03  5.185038240157333e-03  3.738778821235511e-04  2.947543176727472e-04  1.466454230212866e-04
fg5cf1cb2t2wk 6.346887225440968e-03  3.939544488597509e-03  4.280532559574399e-03  2.511926764883417e-03  2.728468185455614e-04  1.557362065257997e-04  1.941973045640662e-04
fg5cf1cb2t3wk 5.843689855679304e-05  3.869488149320694e-07  1.115755574615935e-09  5.763384391657473e-08  1.012644815521932e-08  1.004634707791758e-09  2.280871198138679e-09
fg5cf1cb3f1wk 2.001826643868805e-03  6.570505579658612e-05  4.306788020376787e-09  2.522834983030389e-08  2.951902472740454e-09  3.268588773146117e-10  2.927555323120562e-11
fg5cf1cb3f2wk 2.078678115551679e-03  5.868801484055096e-05  1.674168693763994e-09  1.990346637174126e-08  2.875398807712876e-09  3.192896727299008e-10  2.861430870131932e-11
fg5cf1cb3f3wk 5.843689855679304e-05  3.869488149320694e-07  6.550593084519772e-10  1.184960110444807e-08  1.526959566162670e-09  3.003274147384677e-10  2.196912152601957e-11
fg5cf1cb3t1wk 6.985044827420800e-03  5.046506753178708e-03  4.056639924346905e-03  2.135697032015134e-03  4.757992516693173e-04  3.704685284275288e-04  1.043666664261599e-04
fg5cf1cb3t2wk 6.281057714482737e-03  4.946115792362531e-03  4.448977298431211e-03  2.814612728280756e-03  8.582586237516223e-04  1.121634020906956e-04  1.267499893836924e-04
fg5cf1cb3t3wk 5.843689855679304e-05  3.869488149320694e-07  1.115755574615935e-09  5.763384391657473e-08  1.012644815521932e-08  1.004634707791758e-09  2.280871198138679e-09
fg5cf1cb4f1wk 1.714712432966000e-04  1.176924740155964e-04  4.492631636493923e-05  7.295672291546550e-07  4.838854419085639e-09  3.198958549585820e-10  2.482122432286089e-11
fg5cf1cb4f2wk 1.925682914307799e-04  1.102726629667551e-04  3.701960109083641e-05  3.067287527359862e-07  4.099310705003284e-09  2.898537172093575e-10  2.448387249232969e-11
fg5cf1cb4f3wk 5.843689855679304e-05  3.869488149320694e-07  1.115755574615935e-09  3.947425935272105e-08  1.526959566162670e-09  2.937762864266209e-10  2.002160732110305e-11
fg5cf1cb4t1wk 7.054575351230401e-02  2.579030386270793e-02  2.473908012059234e-02  9.106827416931724e-06  9.245140958866716e-04  1.460730590097158e-02  2.061675257056217e-03
fg5cf1cb4t2wk 1.331980525491899e-02  9.663597673706252e-03  7.690792942677174e-03  6.293316860308476e-07  2.322434645205512e-04  4.811445401406891e-04  6.202038648630216e-04
fg5cf1cb4t3wk 5.843689855679304e-05  3.869488149320694e-07  1.115755574615935e-09  3.575340478792953e-08  1.012644815521932e-08  1.004634707791758e-09  2.280871198138679e-09
fg5cf1cb5f1wk 2.215836491530774e-05  4.573319658167964e-05  2.132315120630349e-05  2.329548061571679e-06  3.061098264374381e-06  6.147099906404906e-10  5.000023699046302e-11
fg5cf1cb5f2wk 2.836813280408069e-05  3.042088456542536e-05  2.074889672779480e-05  1.947433415566748e-06  2.207598648391392e-06  5.154919891264742e-10  4.756375711160146e-11
fg5cf1cb5f3wk 2.263727259265565e-05  3.869488149320694e-07  1.115755574615935e-09  5.763384391657473e-08  1.012644815521932e-08  3.575332164068200e-10  2.169945122719416e-11
fg5cf1cb5t1wk 2.557454162147663e-02  1.675733871531776e-02  1.441251669978359e-02  1.016081232465976e-02  6.153011740415393e-08  3.622243484900968e-03  2.964361559230664e-04
fg5cf1cb5t2wk 3.692200898008607e-02  2.651100803671354e-02  2.426953627681591e-02  1.884954955565068e-02  6.165435579978481e-09  1.152132826804577e-02  4.747818170636438e-04
fg5cf1cb5t3wk 5.843689855679304e-05  3.869488149320694e-07  1.115755574615935e-09  5.763384391657473e-08  6.160027432989735e-09  1.004634707791758e-09  2.280871198138679e-09
fg5cf1cb6f1wk 1.623419466687574e-06  3.210527713968036e-07  2.964375441139815e-09  1.421515252781571e-06  3.806141643464776e-07  2.924177515680198e-06  5.000000000016568e-10
fg5cf1cb6f2wk 5.886044373613148e-06  2.603882976448380e-07  1.235713336825214e-09  3.448661146539402e-07  4.301577383191607e-08  2.693167343668253e-06  3.785675443221429e-10
fg5cf1cb6f3wk 1.894585849829578e-06  1.650043665895642e-07  6.550593084519772e-10  5.763384391657473e-08  1.012644815521932e-08  1.004634707791758e-09  6.005194597947039e-11
fg5cf1cb6t1wk 1.017554627504823e-03  5.397137359501565e-04  4.533641555444087e-04  2.547948246102849e-04  1.438911134905739e-04  1.804775756617671e-12  1.015335125998783e-04
fg5cf1cb6t2wk 3.353993780026374e-03  1.614206472586549e-03  1.745758280634268e-03  3.861336632840507e-04  1.275154111010375e-04  1.000000309763012e-11  9.243467527871806e-05
fg5cf1cb6t3wk 5.843689855679304e-05  3.869488149320694e-07  1.115755574615935e-09  5.763384391657473e-08  1.012644815521932e-08  2.803845112927320e-10  2.280871198138679e-09
fg5cf1cb7f1wk 5.411965159171044e-05  6.336965500422263e-08  1.992642044970278e-09  1.427631430987664e-09  3.735181035917756e-11  4.596717508659656e-12  1.655264499914214e-03
fg5cf1cb7f2wk 2.564796392454551e-06  5.072031733248852e-08  1.457975709402504e-09  6.288088144808634e-09  2.318379761072607e-09  3.873373746984095e-11  1.779501742172241e-05
fg5cf1cb7f3wk 9.279049267350365e-07  6.190442153326039e-08  6.462546432752085e-10  6.288088144808634e-09  3.135973822750455e-09  3.070126863168294e-10  2.280871198138679e-09
fg5cf1cb7t1wk 2.636935774500312e-02  1.013248297450978e-02  8.107750302964798e-03  2.689389166239751e-03  4.489279118880173e-04  3.818796862205455e-05  3.224664759125636e-10
fg5cf1cb7t2wk 2.933250407662812e-03  1.416922055902504e-03  7.233554210206665e-04  6.782340420559875e-05  6.715701028561856e-05  1.780693202249328e-05  3.024700465098790e-10
fg5cf1cb7t3wk 5.843689855679304e-05  3.869488149320694e-07  1.115755574615935e-09  5.763384391657473e-08  1.012644815521932e-08  1.004634707791758e-09  9.762389816195527e-11
fg5cf1cb15f1wk 2.708809643835367e-05  5.731164166878214e-05  2.384744197473647e-05  2.175013554073424e-06  3.032670369815645e-06  6.147152888997206e-10  5.000000003732860e-11
fg5cf1cb15f2wk 1.270619104951602e-04  1.245331260267266e-04  5.116234858546544e-05  1.778243497519498e-06  2.219998090554673e-06  5.000005954018998e-10  4.635632084008570e-11
fg5cf1cb15f3wk 5.843689855679304e-05  3.869488149320694e-07  1.115755574615935e-09  5.763384391657473e-08  1.012644815521932e-08  3.870743430394683e-10  2.295258527900704e-11
fg5cf1cb15t1wk 1.570529573837892e-03  3.660764495273946e-03  3.148304496569230e-03  1.495053229828074e-03  9.957768760231329e-08  7.076922851164073e-04  2.432704766343486e-04
fg5cf1cb15t2wk 8.368974253933207e-04  2.430720934982288e-03  1.968442867333056e-03  1.123478256084204e-03  1.200201702612339e-08  2.220212870150587e-04  2.540838158612969e-04
fg5cf1cb15t3wk 5.843689855679304e-05  3.869488149320694e-07  1.115755574615935e-09  5.763384391657473e-08  6.160027432989735e-09  1.004634707791758e-09  2.280871198138679e-09
fg5cf1cb56f1wk 2.104683457955753e-05  4.213692319218226e-05  2.202863671761006e-05  2.811327767832052e-06  9.763059925673935e-06  6.030497934438908e-06  3.845433404920626e-10
fg5cf1cb56f2wk 5.360957790544510e-06  3.432502834286777e-05  2.320900918833370e-05  2.960627617926445e-06  9.839736107542452e-06  6.557839383246226e-06  3.560286939632052e-10
fg5cf1cb56f3wk 2.564796392454551e-06  3.869488149320694e-07  1.115755574615935e-09  5.763384391657473e-08  1.012644815521932e-08  1.004634707791758e-09  1.000000000000002e-10
fg5cf1cb56t1wk 1.321985052598987e-03  8.015726548420598e-04  6.553077001462840e-04  3.477519401563731e-04  2.011548126180494e-08  3.034583313170839e-12  1.322199568570363e-04
fg5cf1cb56t2wk 2.283590183345389e-02  1.773534349884549e-02  1.689506701426621e-02  1.197446682157934e-02  5.144961464039713e-09  5.403383622714690e-12  1.480041883176903e-04
fg5cf1cb56t3wk 5.843689855679304e-05  3.869488149320694e-07  1.115755574615935e-09  5.763384391657473e-08  6.683707140885599e-09  2.956772889164940e-10  2.280871198138679e-09
fg5cf1cb67f1wk 2.589373664402545e-05  3.763194681750048e-07  5.455113601142021e-08  1.895765350413681e-06  2.615512579637367e-08  2.078236068297335e-01  2.636477763969507e-01
fg5cf1cb67f2wk 1.832848849427801e-04  3.905279353825820e-07  3.230793686496403e-08  5.347300633741522e-07  1.420176313318194e-08  2.834226414723872e-05  5.983642041324531e-05
fg5cf1cb67f3wk 2.564796392454551e-06  1.511316915397402e-07  1.115755574615935e-09  2.524464800894764e-08  4.368921712739180e-09  1.004634707791758e-09  2.280871198138679e-09
fg5cf1cb67t1wk 2.627969314411709e-03  9.183867620411267e-04  5.595175604939019e-04  7.106213226313376e-05  9.432095002423150e-06  1.913146126110044e-10  3.312652367677696e-11
fg5cf1cb67t2wk 8.858369634851971e-04  5.060366093774767e-04  2.430164935529485e-04  2.748808087346956e-05  6.024519540632639e-06  2.381200065935733e-10  3.312613488674457e-11
fg5cf1cb67t3wk 5.843689855679304e-05  3.869488149320694e-07  1.115755574615935e-09  5.763384391657473e-08  1.012644815521932e-08  2.803845112927320e-10  1.840100308835210e-11
fg5cf1cb567f1wk 4.620763112040757e-05  4.018197802807838e-06  3.070202696805177e-06  4.946892800448025e-06  9.928169272403462e-05  1.619439726929620e-01  1.516226441962001e-01
fg5cf1cb567f2wk 5.532369779432790e-05  1.257432430231138e-06  1.709533472753841e-07  1.021902743385511e-06  8.261025282327663e-05  4.114968560304720e-05  6.759671648743711e-05
fg5cf1cb567f3wk 1.285662735248161e-06  1.888612207815372e-07  1.115755574615935e-09  2.524464800894764e-08  1.012644815521932e-08  1.004634707791758e-09  2.280871198138679e-09
fg5cf1cb567t1wk 2.637839721812188e-02  8.607205219060226e-03  5.474700132666079e-03  8.541276203368124e-07  1.410245387037109e-09  1.867378387038512e-10  1.315907947152042e-11
fg5cf1cb567t2wk 8.822304927321667e-03  1.811914607315138e-03  7.338824483288333e-04  4.465572938041040e-07  1.823824822394496e-09  2.086254253277095e-10  1.656222769188385e-11
fg5cf1cb567t3wk 5.843689855679304e-05  3.869488149320694e-07  1.115755574615935e-09  5.763384391657473e-08  1.526959566162670e-09  2.925222655673067e-10  1.998097805414681e-11
