dreps 0.300000000000000  0.110000000000000  0.094000000000000  0.248200000000000  0.571299283440338  0.824241648483297  0.935482764451335
ureps4wk 0.300000000000000  0.040000000000000  0.047000000000000  0.248200000000000  0.554340000000000  0.809546027528107  0.926945033976763
ereps4wk 0.300000000000000  0.110000000000000  0.048000000000000  0.248200000000000  0.554340000000000  0.798088414576214  0.926945033976763
rreps4wk 0.150000000000000  0.110000000000000  0.094000000000000  0.273600000000000  0.565340648358708  0.824241648483297  0.935482764451335
ureps0 0.600000000000000  0.000000000000000  0.019000000000000  0.000000000000000  0.361090000000000  0.790905790905791  0.920468195120153
ureps1wk 0.700000000000000  0.000000000000000  0.019000000000000  0.002100000000000  0.363050000000000  0.799903594504887  0.928075767473346
ureps2wk 0.600000000000000  0.010000000000000  0.027000000000000  0.009900000000000  0.397330000000000  0.794553493979298  0.933419196517372
ureps3wk 0.150000000000000  0.020000000000000  0.029000000000000  0.231600000000000  0.422492674780243  0.793741000000000  0.925941789177964
urepsB0 0.600000000000000  0.000000000000000  0.019133937562941  0.000000000000000  0.360260000000000  0.790995000000000  0.920401777544635
urepsB1wk 0.700000000000000  0.000000000000000  0.018000000000000  0.000000000000000  0.366110000000000  0.800349031412827  0.928156554752337
urepsB2wk 0.600000000000000  0.020000000000000  0.026000000000000  0.009200000000000  0.398310000000000  0.795091991167558  0.933419070051271
urepsB3wk 0.150000000000000  0.020000000000000  0.029000000000000  0.231600000000000  0.428488569771395  0.795059000000000  0.925613572055096
urepsC0 0.700000000000000  0.000000000000000  0.022000000000000  0.031100000000000  0.372480000000000  0.790031083616759  0.930813945482550
urepsC1wk 0.700000000000000  0.020000000000000  0.024000000000000  0.028600000000000  0.368155770903963  0.785312000000000  0.927704762931197
urepsC2wk 0.600000000000000  0.010000000000000  0.026052104208417  0.020000000000000  0.385710000000000  0.777719000000000  0.924966377726832
urepsC3wk 0.500000000000000  0.020000000000000  0.030000000000000  0.231600000000000  0.418890000000000  0.784688000000000  0.924356616636087
ereps0 0.500000000000000  0.110000000000000  0.036000000000000  0.156400000000000  0.329410000000000  0.805950000000000  0.918272683744314
ereps1wk 0.300000000000000  0.610000000000000  0.166000000000000  0.141700000000000  0.345490000000000  0.798715000000000  0.924032515017772
ereps2wk 0.300000000000000  0.560000000000000  0.085000000000000  0.111100000000000  0.368380000000000  0.785239965931643  0.932128485522779
ereps3wk 0.200000000000000  0.350000000000000  0.049000000000000  0.231600000000000  0.419440000000000  0.790049000000000  0.924657027165866
creps0 0.500000000000000  0.000000000000000  0.000000000000000  0.000000000000000  0.000000000000000  0.894208000000000  0.953888250613218
creps1wk 0.500000000000000  0.000000000000000  0.000000000000000  0.000000000000000  0.000000000000000  0.900511000000000  0.955632236149651
creps2wk 0.500000000000000  0.000000000000000  0.000000000000000  0.000000000000000  0.080338731957318  0.892454000000000  0.955476361150501
creps3wk 0.300000000000000  0.020000000000000  0.038000000000000  0.253700000000000  0.436980000000000  0.877386474167799  0.955096249418379
rreps0 0.600000000000000  0.700000000000000  0.228632478632479  0.251814628699051  0.001350507714457  0.872610636556635  0.956861078990530
rreps1wk 0.800000000000000  0.630000000000000  0.324000000000000  0.248881614839062  0.001260539807635  0.874696624089872  0.956859076524178
rreps2wk 0.800000000000000  0.590000000000000  0.403000000000000  0.265089514066496  0.001798963890630  0.870489000000000  0.955885582453651
rreps3wk 0.400000000000000  0.200000000000000  0.143750000000000  0.273600000000000  0.436980000000000  0.882928551284949  0.955096652971422
rreps0d0 0.000000000000000  0.000000000000000  0.000000000000000  0.000000000000000  0.000000000000000  0.893244000000000  0.955097504636736
rreps0d1wk 0.000000000000000  0.000000000000000  0.000000000000000  0.000000000000000  0.000000000000000  0.900148411869237  0.955641134505792
rreps0d2wk 0.800000000000000  0.590000000000000  0.403000000000000  0.265089514066496  0.001798963890630  0.870489000000000  0.955885582453651
rreps0d3wk 0.400000000000000  0.200000000000000  0.143750000000000  0.273600000000000  0.436980000000000  0.882928551284949  0.955096652971422
rreps7m0 0.700000000000000  0.460000000000000  0.189890710382514  0.248682076236821  0.029864783984170  0.867442469769879  0.956368096542919
rreps7m1wk 0.800000000000000  0.700000000000000  0.253507014028056  0.266590979461245  0.007990000000000  0.870563000000000  0.956332816699692
rreps7m2wk 0.750000000000000  0.520000000000000  0.360000000000000  0.250400000000000  0.076092827848354  0.883661899903010  0.955472342740782
rreps7m3wk 0.150000000000000  0.190000000000000  0.147000000000000  0.273600000000000  0.436980000000000  0.873854486201173  0.955096652971422
lj1m0 0.000000000000000  0.150000000000000  0.232000000000000  0.234600000000000  0.380330000000000  0.802927722824096  0.936481371714147
lj1m1wk 0.000000000000000  0.150000000000000  0.267000000000000  0.261500000000000  0.365080000000000  0.799664000000000  0.932382842587613
lj1m2wk 0.000000000000000  0.180000000000000  0.269000000000000  0.262800000000000  0.397870000000000  0.795818196916323  0.930032111208010
lj1m3wk 0.100000000000000  0.090000000000000  0.051000000000000  0.264800000000000  0.444779510067047  0.798088414576214  0.926945033976763
lj1u0 0.000000000000000  0.040000000000000  0.053000000000000  0.070900000000000  0.247130000000000  0.777956976987643  0.923618033264540
lj1u1wk 0.300000000000000  0.090000000000000  0.058000000000000  0.083300000000000  0.241030000000000  0.781775065431380  0.921849033852492
lj1u2wk 0.400000000000000  0.080000000000000  0.047000000000000  0.168300000000000  0.309117537893607  0.777142043494653  0.922912022366894
lj1u3wk 0.300000000000000  0.040000000000000  0.043000000000000  0.231600000000000  0.418890000000000  0.783575000000000  0.926945033976763
lj2m0 0.000000000000000  0.170000000000000  0.248000000000000  0.245200000000000  0.380090000000000  0.800531000000000  0.934516346299136
lj2m1wk 0.000000000000000  0.170000000000000  0.279000000000000  0.261900000000000  0.357140000000000  0.790103000000000  0.928458547152725
lj2m2wk 0.000000000000000  0.170000000000000  0.275000000000000  0.253700000000000  0.394396355813225  0.787817000000000  0.926122339936108
lj2m3wk 0.100000000000000  0.090000000000000  0.051000000000000  0.253700000000000  0.438760000000000  0.786784226632142  0.926945033976763
lj2u0 0.000000000000000  0.030612244897959  0.051000000000000  0.091900000000000  0.248900000000000  0.768236656603469  0.920782437726700
lj2u1wk 0.200000000000000  0.050000000000000  0.057000000000000  0.091000000000000  0.252750000000000  0.769206000000000  0.919035427700662
lj2u2wk 0.300000000000000  0.070000000000000  0.052052052052052  0.172200000000000  0.315010000000000  0.773994000000000  0.920580657866912
lj2u3wk 0.300000000000000  0.040404040404040  0.040000000000000  0.235000000000000  0.418890000000000  0.782693000000000  0.925825167101563
lj5m0 0.000000000000000  0.150000000000000  0.239000000000000  0.244300000000000  0.373050000000000  0.793869000000000  0.931653529452595
lj5m1wk 0.000000000000000  0.160000000000000  0.262000000000000  0.265000000000000  0.343530000000000  0.766472000000000  0.919299759316983
lj5m2wk 0.000000000000000  0.200000000000000  0.225000000000000  0.230100000000000  0.371390000000000  0.763883000000000  0.918793291868917
lj5m3wk 0.300000000000000  0.090000000000000  0.051000000000000  0.243700000000000  0.436380000000000  0.777142043494653  0.922300561675176
lj5u0 0.000000000000000  0.020000000000000  0.035000000000000  0.191100000000000  0.263290000000000  0.752315000000000  0.916717380671426
lj5u1wk 0.000000000000000  0.020000000000000  0.033000000000000  0.196100000000000  0.257270000000000  0.754716000000000  0.917496295155493
lj5u2wk 0.200000000000000  0.030000000000000  0.032000000000000  0.221900000000000  0.304870000000000  0.755978000000000  0.915713727648845
lj5u3wk 0.300000000000000  0.030000000000000  0.032000000000000  0.231600000000000  0.418890000000000  0.777142043494653  0.920176865113836
lj1c0 0.400000000000000  0.450000000000000  0.602000000000000  0.775300000000000  0.136382196815027  0.860885931891797  0.955239293658047
lj1c1wk 0.400000000000000  0.490000000000000  0.608000000000000  0.787800000000000  0.127276189918108  0.861740543800425  0.955433076030039
lj1c2wk 0.400000000000000  0.490000000000000  0.611000000000000  0.746600000000000  0.166160000000000  0.861645000000000  0.951823164488345
lj1c3wk 0.400000000000000  0.240000000000000  0.231000000000000  0.323300000000000  0.500850000000000  0.836509988155072  0.934963391685758
lj2c0 0.400000000000000  0.470000000000000  0.606000000000000  0.769000000000000  0.143849416755037  0.861034116249505  0.954707442125070
lj2c1wk 0.500000000000000  0.460000000000000  0.590000000000000  0.782800000000000  0.127799955644267  0.861545309816079  0.955234111923699
lj2c2wk 0.600000000000000  0.510000000000000  0.611000000000000  0.733400000000000  0.173955656009041  0.860232174594014  0.951300489841805
lj2c3wk 0.400000000000000  0.240000000000000  0.232000000000000  0.323300000000000  0.500850000000000  0.832852000000000  0.935733370890670
lj5c0 0.450000000000000  0.530000000000000  0.576000000000000  0.743500000000000  0.134045142730693  0.852425000000000  0.954460555780167
lj5c1wk 0.500000000000000  0.460000000000000  0.581000000000000  0.760600000000000  0.123289330265230  0.861458985923818  0.954797447853488
lj5c2wk 0.500000000000000  0.510000000000000  0.612000000000000  0.733200000000000  0.168530000000000  0.864270000000000  0.951119720491729
lj5c3wk 0.400000000000000  0.220000000000000  0.193000000000000  0.323300000000000  0.500850000000000  0.862466000000000  0.940546144474411
fg5uf1u0  0.100000000000000   0.070000000000000   0.053000000000000   0.125300000000000   0.244040000000000   0.771176286357988   0.919341325968099
fg5uf1u1wk  0.550000000000000   0.150000000000000   0.043000000000000   0.158000000000000   0.239983597703679   0.777552739071120   0.920898387760299
fg5uf1u2wk  0.600000000000000   0.130000000000000   0.039000000000000   0.177700000000000   0.313848631239936   0.770955326892851   0.919752149762626
fg5uf1u3wk  0.300000000000000   0.040000000000000   0.033000000000000   0.231600000000000   0.418890000000000   0.782693000000000   0.925907365969964
fg5mf1u0  0.000000000000000   0.150000000000000   0.260000000000000   0.249100000000000   0.354980000000000   0.775813000000000   0.925201820215759
fg5mf1u1wk  0.000000000000000   0.150000000000000   0.284000000000000   0.255400000000000   0.350504535317472   0.779497000000000   0.924309268298982
fg5mf1u2wk  0.100000000000000   0.160000000000000   0.269000000000000   0.250400000000000   0.380170000000000   0.778097600696877   0.922929375434836
fg5mf1u3wk  0.300000000000000   0.090000000000000   0.051000000000000   0.248200000000000   0.434466067964078   0.782693000000000   0.926945033976763
fg5uf1m0  0.400000000000000   0.090000000000000   0.052000000000000   0.138700000000000   0.303030000000000   0.800613000000000   0.932221447388811
fg5uf1m1wk  0.500000000000000   0.090000000000000   0.053000000000000   0.163000000000000   0.288610000000000   0.794611000000000   0.927132046354484
fg5uf1m2wk  0.600000000000000   0.090000000000000   0.043000000000000   0.179800000000000   0.327620000000000   0.788874777495550   0.927404449165196
fg5uf1m3wk  0.300000000000000   0.070000000000000   0.043000000000000   0.231600000000000   0.418890000000000   0.798088414576214   0.926945033976763
fg2uf05m0  0.500000000000000   0.130000000000000   0.067000000000000   0.098900000000000   0.273890000000000   0.802548000000000   0.931955526984092
fg2uf05m1wk  0.700000000000000   0.140000000000000   0.053000000000000   0.086227786752827   0.273440000000000   0.796458000000000   0.928550558768788
fg2uf05m2wk  0.700000000000000   0.210000000000000   0.047000000000000   0.134918246564349   0.328162995726966   0.794093000000000   0.928876635022204
fg2uf05m3wk  0.300000000000000   0.080000000000000   0.045000000000000   0.231600000000000   0.418890000000000   0.805246000000000   0.926945033976763
fg8uf05m0  0.400000000000000   0.030000000000000   0.052000000000000   0.277500000000000   0.334490000000000   0.814551858767612   0.937485012455116
fg8uf05m1wk  0.300000000000000   0.050000000000000   0.049000000000000   0.264400000000000   0.309890000000000   0.801190000000000   0.930674078133563
fg8uf05m2wk  0.600000000000000   0.070000000000000   0.042000000000000   0.253700000000000   0.340430000000000   0.799084419867906   0.929744289283286
fg8uf05m3wk  0.150000000000000   0.040000000000000   0.035000000000000   0.248200000000000   0.418890000000000   0.807137200443648   0.926945033976763
fg5mf1m0  0.600000000000000   0.350000000000000   0.323000000000000   0.304700000000000   0.583730000000000   0.846183381117701   0.944958307569758
fg5mf1m1wk  0.300000000000000   0.190000000000000   0.290000000000000   0.258700000000000   0.515280000000000   0.824616000000000   0.937849785386941
fg5mf1m2wk  0.200000000000000   0.210000000000000   0.285000000000000   0.234400000000000   0.481885219621674   0.817465355510456   0.935536633103977
fg5mf1m3wk  0.300000000000000   0.090000000000000   0.051000000000000   0.240109834231669   0.497190000000000   0.810731184895375   0.926945033976763
fg2uf05c0  0.500000000000000   0.100000000000000   0.051000000000000   0.093200000000000   0.272462666413275   0.805134381795682   0.932786321585441
fg2uf05c1wk  0.700000000000000   0.150000000000000   0.064000000000000   0.084800000000000   0.284800000000000   0.803418000000000   0.930586921113760
fg2uf05c2wk  0.700000000000000   0.150000000000000   0.051000000000000   0.138000000000000   0.332863916355973   0.801891000000000   0.930751977039066
fg2uf05c3wk  0.150000000000000   0.090000000000000   0.047000000000000   0.231600000000000   0.418890000000000   0.809751000000000   0.926945033976763
fg2uf05c0d0  0.400000000000000   0.060000000000000   0.054325955734406   0.084300000000000   0.276037705639835   0.802986000000000   0.931244319896947
fg2uf05c0d1wk  0.700000000000000   0.110000000000000   0.048000000000000   0.076500000000000   0.297190000000000   0.804179000000000   0.931359737976745
fg2uf05c0d2wk  0.600000000000000   0.060000000000000   0.034000000000000   0.140800000000000   0.340750000000000   0.804744000000000   0.931665884436251
fg2uf05c0d3wk  0.300000000000000   0.060000000000000   0.042000000000000   0.231600000000000   0.418890000000000   0.812093000000000   0.926945033976763
fg2uf05c7m0  0.500000000000000   0.120000000000000   0.061000000000000   0.097200000000000   0.286340000000000   0.807874000000000   0.933056061573379
fg2uf05c7m1wk  0.700000000000000   0.190000000000000   0.066000000000000   0.097200000000000   0.298910000000000   0.806773000000000   0.932186728617380
fg2uf05c7m2wk  0.700000000000000   0.150000000000000   0.048000000000000   0.141400000000000   0.349821269437574   0.804898000000000   0.932107138000043
fg2uf05c7m3wk  0.300000000000000   0.090000000000000   0.048000000000000   0.248200000000000   0.418890000000000   0.806167000000000   0.926945033976763
fg8uf05c0  0.800000000000000   0.100000000000000   0.045000000000000   0.172200000000000   0.321083210832108   0.809486000000000   0.935385167542948
fg8uf05c1wk  0.800000000000000   0.080000000000000   0.045000000000000   0.222300000000000   0.312665633281664   0.804378666923151   0.932206064841030
fg8uf05c2wk  0.800000000000000   0.080000000000000   0.041000000000000   0.253385309807140   0.336491948843682   0.802154000000000   0.931476770295422
fg8uf05c3wk  0.300000000000000   0.050000000000000   0.038076152304609   0.248200000000000   0.418890000000000   0.813270180267513   0.932210352830460
fg8uf05c0d0  0.100000000000000   0.030000000000000   0.045000000000000   0.187600000000000   0.313730787704131   0.814013000000000   0.935253489204342
fg8uf05c0d1wk  0.300000000000000   0.040000000000000   0.033000000000000   0.204120412041204   0.318700000000000   0.815545681417007   0.933650322893090
fg8uf05c0d2wk  0.300000000000000   0.020000000000000   0.028000000000000   0.231600000000000   0.341040000000000   0.813947000000000   0.934533638651229
fg8uf05c0d3wk  0.300000000000000   0.030000000000000   0.027000000000000   0.248200000000000   0.436980000000000   0.813750869193560   0.933099380182882
fg8uf05c7m0  0.800000000000000   0.080000000000000   0.040000000000000   0.200400000000000   0.335940000000000   0.810909000000000   0.935849911054114
fg8uf05c7m1wk  0.700000000000000   0.120000000000000   0.047000000000000   0.208600000000000   0.323983239832398   0.813140954805780   0.932930478066295
fg8uf05c7m2wk  0.550000000000000   0.100000000000000   0.032000000000000   0.247772549804785   0.344760970531710   0.811658764227507   0.933267845343176
fg8uf05c7m3wk  0.300000000000000   0.050000000000000   0.038000000000000   0.248200000000000   0.418890000000000   0.813456466561392   0.932771291559406
fg5mf1c0  0.500000000000000   0.320000000000000   0.400000000000000   0.353500000000000   0.547570000000000   0.832744000000000   0.941322820333599
fg5mf1c1wk  0.400000000000000   0.300000000000000   0.417000000000000   0.377400000000000   0.539840000000000   0.829580295802958   0.938515826052847
fg5mf1c2wk  0.500000000000000   0.380000000000000   0.378000000000000   0.276700000000000   0.501930000000000   0.818857000000000   0.937083681680635
fg5mf1c3wk  0.300000000000000   0.090000000000000   0.051000000000000   0.256200000000000   0.511880000000000   0.823416111302233   0.926945033976763
fg5mf1c0d0  0.000000000000000   0.260000000000000   0.238000000000000   0.177900000000000   0.374860000000000   0.807026000000000   0.937125697418485
fg5mf1c0d1wk  0.100000000000000   0.310000000000000   0.262000000000000   0.183100000000000   0.401460000000000   0.823278000000000   0.936703272223630
fg5mf1c0d2wk  0.200000000000000   0.320000000000000   0.241000000000000   0.191910067248821   0.436980000000000   0.818433825000263   0.936840340965416
fg5mf1c0d3wk  0.300000000000000   0.090000000000000   0.051000000000000   0.244400000000000   0.466593844889615   0.818796637593275   0.926945033976763
fg2cf05c0  0.700000000000000   0.540000000000000   0.600000000000000   0.773100000000000   0.132363943918545   0.860839651430859   0.955089434677280
fg2cf05c1wk  0.500000000000000   0.460000000000000   0.586000000000000   0.778100000000000   0.132899963885879   0.860814318731477   0.955245939460515
fg2cf05c2wk  0.700000000000000   0.590000000000000   0.613000000000000   0.673200000000000   0.181181811818118   0.864745000000000   0.952022349522503
fg2cf05c3wk  0.400000000000000   0.240000000000000   0.209000000000000   0.323300000000000   0.500850000000000   0.834801000000000   0.935256774747588
fg8cf05c0  0.700000000000000   0.550000000000000   0.577000000000000   0.638700000000000   0.042537321499995   0.862403000000000   0.954368534401448
fg8cf05c1wk  0.700000000000000   0.550000000000000   0.557000000000000   0.644700000000000   0.026183443761475   0.861030023922184   0.955090119647402
fg8cf05c2wk  0.700000000000000   0.550000000000000   0.577000000000000   0.436000000000000   0.080409104297220   0.885016000000000   0.952008155759005
fg8cf05c3wk  0.400000000000000   0.210000000000000   0.162000000000000   0.350020064205457   0.473042271648634   0.852695000000000   0.946637777649538
fg5cf1cA0  0.600000000000000   0.580000000000000   0.600000000000000   0.730600000000000   0.124032543955258   0.860465309729912   0.954393402534697
fg5cf1cA1wk  0.700000000000000   0.500000000000000   0.577000000000000   0.747200000000000   0.114596196591751   0.867370000000000   0.955072154632836
fg5cf1cA2wk  0.600000000000000   0.560000000000000   0.607000000000000   0.693200000000000   0.171900000000000   0.868779000000000   0.950995028772231
fg5cf1cA3wk  0.400000000000000   0.250000000000000   0.190000000000000   0.323300000000000   0.500850000000000   0.859334000000000   0.939948885971649
fg5cf1cB0  0.700000000000000   0.530000000000000   0.601000000000000   0.728100000000000   0.123554345540467   0.860787801726065   0.954367279286306
fg5cf1cB1wk  0.650000000000000   0.560000000000000   0.584000000000000   0.759400000000000   0.126013309134906   0.861596920616339   0.955096252404555
fg5cf1cB2wk  0.700000000000000   0.600000000000000   0.596000000000000   0.656600000000000   0.171000000000000   0.866831791285747   0.951426865201710
fg5cf1cB3wk  0.400000000000000   0.200000000000000   0.190000000000000   0.323300000000000   0.500850000000000   0.858671000000000   0.940024753943621
fg5cf1cC0  0.800000000000000   0.570000000000000   0.600000000000000   0.713300000000000   0.124234248180994   0.863012000000000   0.954559069348773
fg5cf1cC1wk  0.600000000000000   0.520000000000000   0.574000000000000   0.755400000000000   0.113315665783289   0.866856000000000   0.955008197629161
fg5cf1cC2wk  0.600000000000000   0.590000000000000   0.610000000000000   0.667000000000000   0.175610000000000   0.867038000000000   0.951468379739545
fg5cf1cC3wk  0.150000000000000   0.250000000000000   0.195000000000000   0.323300000000000   0.500850000000000   0.859628000000000   0.939956149926412
fg5cf1cb1f1wk  0.500000000000000   0.070000000000000   0.071000000000000   0.253000000000000   0.571537237396535   0.823224994824912   0.935020506313282
fg5cf1cb1f2wk  0.450000000000000   0.090000000000000   0.078000000000000   0.253700000000000   0.570879923189247   0.823315823315823   0.935019832062978
fg5cf1cb1f3wk  0.150000000000000   0.100000000000000   0.092000000000000   0.252800000000000   0.572770000000000   0.822851736921214   0.935292690968362
fg5cf1cb1t1wk  0.400000000000000   0.470000000000000   0.571000000000000   0.771300000000000   0.234338747099768   0.861497566957549   0.954508554416391
fg5cf1cb1t2wk  0.400000000000000   0.520000000000000   0.608000000000000   0.733800000000000   0.203624072481450   0.862056000000000   0.950525576218410
fg5cf1cb1t3wk  0.300000000000000   0.260000000000000   0.243000000000000   0.330400000000000   0.500850000000000   0.859469000000000   0.940080444263473
fg5cf1cb2f1wk  0.300000000000000   0.220000000000000   0.064000000000000   0.253300000000000   0.571215796416869   0.822893000000000   0.935002671565344
fg5cf1cb2f2wk  0.300000000000000   0.220000000000000   0.068000000000000   0.250400000000000   0.572670000000000   0.823014823014823   0.935084594188417
fg5cf1cb2f3wk  0.300000000000000   0.190000000000000   0.100000000000000   0.248200000000000   0.569790000000000   0.824264121320607   0.935500117232159
fg5cf1cb2t1wk  0.600000000000000   0.160000000000000   0.548000000000000   0.755900000000000   0.261748137379611   0.861276902119443   0.954105066799373
fg5cf1cb2t2wk  0.600000000000000   0.120000000000000   0.554000000000000   0.710500000000000   0.209820000000000   0.864511726957111   0.950433040559909
fg5cf1cb2t3wk  0.400000000000000   0.060000000000000   0.192000000000000   0.323300000000000   0.500850000000000   0.858764000000000   0.939990451935017
fg5cf1cb3f1wk  0.200000000000000   0.080000000000000   0.122000000000000   0.255500000000000   0.573755737557376   0.822243000000000   0.934789592033408
fg5cf1cb3f2wk  0.200000000000000   0.080000000000000   0.110000000000000   0.250400000000000   0.574270000000000   0.822961645923292   0.934905082101571
fg5cf1cb3f3wk  0.300000000000000   0.090000000000000   0.118000000000000   0.248200000000000   0.571390000000000   0.824349000000000   0.935606251682312
fg5cf1cb3t1wk  0.450000000000000   0.540000000000000   0.112000000000000   0.729600000000000   0.305157880652930   0.859586642362922   0.953691620214954
fg5cf1cb3t2wk  0.500000000000000   0.590000000000000   0.089000000000000   0.686900000000000   0.293725748590673   0.868060841445960   0.949145791828801
fg5cf1cb3t3wk  0.400000000000000   0.250000000000000   0.075000000000000   0.323300000000000   0.529200000000000   0.835300438309073   0.939908934220451
fg5cf1cb4f1wk  0.000000000000000   0.020000000000000   0.053000000000000   0.365700000000000   0.597000000000000   0.822805468416405   0.935290984152350
fg5cf1cb4f2wk  0.000000000000000   0.030000000000000   0.051000000000000   0.338800000000000   0.595740000000000   0.822361000000000   0.935229909408228
fg5cf1cb4f3wk  0.300000000000000   0.050000000000000   0.072000000000000   0.309100000000000   0.588490000000000   0.824349000000000   0.936534423679847
fg5cf1cb4t1wk  0.750000000000000   0.650000000000000   0.888000000000000   0.570500000000000   0.212130000000000   0.853437000000000   0.951906917158589
fg5cf1cb4t2wk  0.600000000000000   0.600000000000000   0.877000000000000   0.555500000000000   0.180960000000000   0.878728878728879   0.948101418035056
fg5cf1cb4t3wk  0.300000000000000   0.300000000000000   0.225000000000000   0.323300000000000   0.500850000000000   0.851778000000000   0.938884313045780
fg5cf1cb5f1wk  0.100000000000000   0.040000000000000   0.032000000000000   0.185000000000000   0.559930000000000   0.828705000000000   0.938261416300907
fg5cf1cb5f2wk  0.000000000000000   0.050000000000000   0.034000000000000   0.201200000000000   0.560266808004240   0.826835125028628   0.937937262944315
fg5cf1cb5f3wk  0.300000000000000   0.060000000000000   0.059000000000000   0.231600000000000   0.584960000000000   0.828114000000000   0.940129274181605
fg5cf1cb5t1wk  0.600000000000000   0.620000000000000   0.608000000000000   0.767000000000000   0.141942553927789   0.853039815464848   0.955721724471801
fg5cf1cb5t2wk  0.700000000000000   0.560000000000000   0.607000000000000   0.678100000000000   0.159083181663633   0.847736000000000   0.950833472432654
fg5cf1cb5t3wk  0.300000000000000   0.130000000000000   0.229000000000000   0.563700000000000   0.500850000000000   0.839034000000000   0.935380261978564
fg5cf1cb6f1wk  0.000000000000000   0.050000000000000   0.038000000000000   0.214000000000000   0.505860000000000   0.815856000000000   0.935831179669630
fg5cf1cb6f2wk  0.400000000000000   0.080000000000000   0.087000000000000   0.224400000000000   0.553686908122610   0.829720472047205   0.936067665665301
fg5cf1cb6f3wk  0.300000000000000   0.140000000000000   0.090000000000000   0.248200000000000   0.587210000000000   0.826189783365609   0.937711587904547
fg5cf1cb6t1wk  0.300000000000000   0.340000000000000   0.487000000000000   0.772300000000000   0.226178350850580   0.846255472554655   0.946370104716433
fg5cf1cb6t2wk  0.600000000000000   0.390000000000000   0.492000000000000   0.769700000000000   0.220120369721307   0.847868132951439   0.943655547173815
fg5cf1cb6t3wk  0.400000000000000   0.220000000000000   0.195000000000000   0.323300000000000   0.473742029984491   0.834227203315336   0.937849199492007
fg5cf1cb7f1wk  0.400000000000000   0.260000000000000   0.336000000000000   0.579200000000000   0.121346459581754   0.852033000000000   0.945854937179783
fg5cf1cb7f2wk  0.400000000000000   0.190000000000000   0.310000000000000   0.571000000000000   0.200340000000000   0.825458000000000   0.941370185215935
fg5cf1cb7f3wk  0.300000000000000   0.090000000000000   0.228000000000000   0.521800000000000   0.436980000000000   0.846602000000000   0.931834241394938
fg5cf1cb7t1wk  0.600000000000000   0.210000000000000   0.173000000000000   0.195400000000000   0.582250000000000   0.847878000000000   0.943225212476527
fg5cf1cb7t2wk  0.500000000000000   0.210000000000000   0.149000000000000   0.224200000000000   0.568859151962604   0.852106315425289   0.942338223127989
fg5cf1cb7t3wk  0.150000000000000   0.090000000000000   0.069000000000000   0.248200000000000   0.580020000000000   0.829736019176786   0.943578442035053
fg5cf1cb15f1wk  0.100000000000000   0.040000000000000   0.032000000000000   0.181900000000000   0.560460000000000   0.828339000000000   0.938225095926145
fg5cf1cb15f2wk  0.200000000000000   0.050000000000000   0.042000000000000   0.192400000000000   0.562000000000000   0.826625424162879   0.937969191387921
fg5cf1cb15f3wk  0.300000000000000   0.050000000000000   0.051000000000000   0.231600000000000   0.578470000000000   0.827367000000000   0.939846787051920
fg5cf1cb15t1wk  0.400000000000000   0.500000000000000   0.588000000000000   0.754487911175677   0.149049363335078   0.850100000000000   0.954953547908053
fg5cf1cb15t2wk  0.300000000000000   0.470000000000000   0.583000000000000   0.706800000000000   0.165680000000000   0.851517851517852   0.949262121994491
fg5cf1cb15t3wk  0.300000000000000   0.150000000000000   0.303000000000000   0.528900000000000   0.500850000000000   0.837015000000000   0.935536033452933
fg5cf1cb56f1wk  0.100000000000000   0.040000000000000   0.045000000000000   0.178200000000000   0.543896316889507   0.831089000000000   0.940869694356345
fg5cf1cb56f2wk  0.000000000000000   0.030612244897959   0.043000000000000   0.204000000000000   0.539540000000000   0.836661671150594   0.940422075039508
fg5cf1cb56f3wk  0.300000000000000   0.060000000000000   0.052000000000000   0.231600000000000   0.572340000000000   0.830039031600296   0.942470285380605
fg5cf1cb56t1wk  0.500000000000000   0.440000000000000   0.526000000000000   0.818445824153815   0.173860831276269   0.828926441252393   0.944735756146143
fg5cf1cb56t2wk  0.600000000000000   0.500000000000000   0.538000000000000   0.727319062181447   0.146570000000000   0.841911572445319   0.943420699167238
fg5cf1cb56t3wk  0.300000000000000   0.100000000000000   0.202000000000000   0.587400000000000   0.436980000000000   0.826189783365609   0.932991631520560
fg5cf1cb67f1wk  0.400000000000000   0.380000000000000   0.325153374233129   0.338300000000000   0.085348432508247   0.843923635772763   0.951643054609246
fg5cf1cb67f2wk  0.400000000000000   0.310000000000000   0.368181818181818   0.388900000000000   0.436980000000000   0.860247551567922   0.942536328140724
fg5cf1cb67f3wk  0.300000000000000   0.270000000000000   0.292756539235412   0.294800000000000   0.500850000000000   0.847481000000000   0.933898011653805
fg5cf1cb67t1wk  0.500000000000000   0.220000000000000   0.167000000000000   0.214400000000000   0.595440000000000   0.834669358808225   0.940363138220065
fg5cf1cb67t2wk  0.400000000000000   0.190000000000000   0.118000000000000   0.231600000000000   0.594180000000000   0.830443303291769   0.940084348730933
fg5cf1cb67t3wk  0.300000000000000   0.090000000000000   0.072000000000000   0.248200000000000   0.588490000000000   0.831453000000000   0.941149456272808
fg5cf1cb567f1wk  0.400000000000000   0.310000000000000   0.277955271565495   0.558400000000000   0.320327139085874   0.842071710701349   0.950225916886397
fg5cf1cb567f2wk  0.300000000000000   0.280000000000000   0.247000000000000   0.558800000000000   0.365321825695824   0.856875999859501   0.945563292773456
fg5cf1cb567f3wk  0.300000000000000   0.070000000000000   0.209514170040486   0.302800000000000   0.500850000000000   0.860894000000000   0.938748315670489
fg5cf1cb567t1wk  0.800000000000000   0.250000000000000   0.217000000000000   0.375600000000000   0.593630000000000   0.810834966554045   0.935829784831769
fg5cf1cb567t2wk  0.500000000000000   0.220000000000000   0.208000000000000   0.347200000000000   0.591820200444098   0.819623000000000   0.935670744626113
fg5cf1cb567t3wk  0.300000000000000   0.090000000000000   0.091000000000000   0.323300000000000   0.588490000000000   0.824349000000000   0.936462187685256
fg5mf1ub1f1wk  0.400000000000000   0.060000000000000   0.057000000000000   0.271235617808904   0.576390208768894   0.823376000000000   0.934862801832941
fg5mf1ub1f2wk  0.400000000000000   0.070000000000000   0.065000000000000   0.276700000000000   0.576483652807235   0.824351000000000   0.934942567421686
fg5mf1ub1f3wk  0.300000000000000   0.060000000000000   0.055276381909548   0.273600000000000   0.577547502605628   0.822828735978175   0.935289462544023
fg5mf1ub1t1wk  0.000000000000000   0.140000000000000   0.282000000000000   0.255600000000000   0.352080000000000   0.779020000000000   0.924460077451181
fg5mf1ub1t2wk  0.100000000000000   0.180000000000000   0.261000000000000   0.253500000000000   0.381680000000000   0.778058186504153   0.923043986395195
fg5mf1ub1t3wk  0.300000000000000   0.090000000000000   0.051000000000000   0.248900000000000   0.436980000000000   0.782708000000000   0.926945033976763
fg5mf1ub2f1wk  0.300000000000000   0.190000000000000   0.055000000000000   0.253500000000000   0.568580000000000   0.824148000000000   0.934819546872863
fg5mf1ub2f2wk  0.200000000000000   0.240000000000000   0.092000000000000   0.250400000000000   0.569900000000000   0.824411000000000   0.935005181313697
fg5mf1ub2f3wk  0.300000000000000   0.190000000000000   0.100000000000000   0.248200000000000   0.569870000000000   0.824181769272385   0.935450480207943
fg5mf1ub2t1wk  0.000000000000000   0.040000000000000   0.273000000000000   0.252700000000000   0.349010000000000   0.779333000000000   0.924477834078843
fg5mf1ub2t2wk  0.100000000000000   0.050000000000000   0.244000000000000   0.250400000000000   0.379290000000000   0.777987814704860   0.922950764099973
fg5mf1ub2t3wk  0.300000000000000   0.040000000000000   0.051000000000000   0.248200000000000   0.434948966815910   0.780901000000000   0.926945033976763
fg5mf1ub3f1wk  0.200000000000000   0.110000000000000   0.113000000000000   0.255500000000000   0.574430000000000   0.824444000000000   0.934718110470090
fg5mf1ub3f2wk  0.200000000000000   0.100000000000000   0.109000000000000   0.252800000000000   0.574290000000000   0.824498646845971   0.934695666244712
fg5mf1ub3f3wk  0.300000000000000   0.090000000000000   0.117000000000000   0.248200000000000   0.571440000000000   0.823736000000000   0.935367751834249
fg5mf1ub3t1wk  0.100000000000000   0.200000000000000   0.053000000000000   0.248400000000000   0.346280000000000   0.779305000000000   0.924211484663924
fg5mf1ub3t2wk  0.000000000000000   0.230000000000000   0.049000000000000   0.248200000000000   0.377140000000000   0.777952717810859   0.922862602428212
fg5mf1ub3t3wk  0.300000000000000   0.070000000000000   0.039000000000000   0.231600000000000   0.436980000000000   0.782693000000000   0.926945033976763
fg5mf1ub4f1wk  0.000000000000000   0.020000000000000   0.052000000000000   0.358600000000000   0.596150000000000   0.818838000000000   0.933880341990717
fg5mf1ub4f2wk  0.000000000000000   0.030000000000000   0.051000000000000   0.334100000000000   0.594840000000000   0.819145998814893   0.933850912125678
fg5mf1ub4f3wk  0.300000000000000   0.050000000000000   0.073000000000000   0.308600000000000   0.588490000000000   0.823559095988177   0.935011414497804
fg5mf1ub4t1wk  0.000000000000000   0.170000000000000   0.290000000000000   0.076200000000000   0.327060000000000   0.777743000000000   0.924025847192919
fg5mf1ub4t2wk  0.100000000000000   0.210000000000000   0.257000000000000   0.080800000000000   0.356600000000000   0.778666240042770   0.922975425106557
fg5mf1ub4t3wk  0.300000000000000   0.080000000000000   0.051000000000000   0.231600000000000   0.426810000000000   0.782693000000000   0.926945033976763
fg5mf1ub5f1wk  0.100000000000000   0.040000000000000   0.037000000000000   0.163200000000000   0.563226671469452   0.811276000000000   0.931579678023913
fg5mf1ub5f2wk  0.100000000000000   0.050000000000000   0.036000000000000   0.192900000000000   0.563250000000000   0.808662105183427   0.931429957367951
fg5mf1ub5f3wk  0.300000000000000   0.060000000000000   0.059000000000000   0.231600000000000   0.584090000000000   0.819146112698541   0.934218029216433
fg5mf1ub5t1wk  0.000000000000000   0.260000000000000   0.316000000000000   0.555700000000000   0.366580000000000   0.774344348778749   0.924545632111731
fg5mf1ub5t2wk  0.100000000000000   0.260000000000000   0.293000000000000   0.490600000000000   0.402480000000000   0.775870000000000   0.923919710986671
fg5mf1ub5t3wk  0.300000000000000   0.090000000000000   0.058000000000000   0.309100000000000   0.450357492756342   0.783575000000000   0.926945033976763
fg5mf1ub6f1wk  0.000000000000000   0.040000000000000   0.039000000000000   0.215400000000000   0.502490000000000   0.808760000000000   0.935045448895618
fg5mf1ub6f2wk  0.400000000000000   0.080000000000000   0.086000000000000   0.224900000000000   0.553022646078716   0.812560000000000   0.935075715874587
fg5mf1ub6f3wk  0.300000000000000   0.140000000000000   0.091000000000000   0.248200000000000   0.586533166458073   0.814403390539012   0.934973480511818
fg5mf1ub6t1wk  0.000000000000000   0.140000000000000   0.222000000000000   0.232600000000000   0.380540000000000   0.775832000000000   0.921477069347845
fg5mf1ub6t2wk  0.000000000000000   0.150000000000000   0.189000000000000   0.236900000000000   0.403996237893220   0.775870000000000   0.920466450466273
fg5mf1ub6t3wk  0.200000000000000   0.090000000000000   0.051000000000000   0.233600000000000   0.436980000000000   0.782448294461932   0.926945033976763
fg5mf1ub7f1wk  0.300000000000000   0.080000000000000   0.145000000000000   0.255800000000000   0.405100000000000   0.782392000000000   0.927014206916368
fg5mf1ub7f2wk  0.300000000000000   0.060000000000000   0.114000000000000   0.231600000000000   0.399320000000000   0.783396000000000   0.924680053059154
fg5mf1ub7f3wk  0.300000000000000   0.050000000000000   0.051000000000000   0.231600000000000   0.424590000000000   0.788055000000000   0.926945033976763
fg5mf1ub7t1wk  0.500000000000000   0.210000000000000   0.157000000000000   0.209800000000000   0.543590000000000   0.811702000000000   0.932478405519406
fg5mf1ub7t2wk  0.300000000000000   0.180000000000000   0.141000000000000   0.231600000000000   0.547490949818996   0.811021000000000   0.932288732451206
fg5mf1ub7t3wk  0.300000000000000   0.090000000000000   0.067000000000000   0.252100000000000   0.571390000000000   0.809630000000000   0.933162738010540
fg5mf1ub15f1wk  0.200000000000000   0.050000000000000   0.036000000000000   0.187300000000000   0.560460000000000   0.816203000000000   0.931656630176944
fg5mf1ub15f2wk  0.200000000000000   0.040000000000000   0.034000000000000   0.211200000000000   0.561192955084161   0.810645000000000   0.931277981754302
fg5mf1ub15f3wk  0.300000000000000   0.050000000000000   0.044000000000000   0.231600000000000   0.574000000000000   0.818496000000000   0.934077592757676
fg5mf1ub15t1wk  0.000000000000000   0.250000000000000   0.322000000000000   0.551900000000000   0.365140000000000   0.774657000000000   0.924604985816899
fg5mf1ub15t2wk  0.000000000000000   0.250000000000000   0.290000000000000   0.496200000000000   0.382190000000000   0.775870000000000   0.923901147239571
fg5mf1ub15t3wk  0.300000000000000   0.070000000000000   0.069000000000000   0.309100000000000   0.440670652776922   0.782693000000000   0.926945033976763
fg5mf1ub56f1wk  0.100000000000000   0.040000000000000   0.046000000000000   0.176500000000000   0.522800000000000   0.809576000000000   0.932172910811688
fg5mf1ub56f2wk  0.100000000000000   0.050000000000000   0.046000000000000   0.190600000000000   0.534770000000000   0.812484000000000   0.932162821818698
fg5mf1ub56f3wk  0.300000000000000   0.070000000000000   0.057000000000000   0.231600000000000   0.573370000000000   0.814071814071814   0.933921417730264
fg5mf1ub56t1wk  0.300000000000000   0.300000000000000   0.286000000000000   0.530600000000000   0.434640000000000   0.782753000000000   0.923541979089150
fg5mf1ub56t2wk  0.200000000000000   0.290000000000000   0.242000000000000   0.511200000000000   0.432930000000000   0.777142043494653   0.921977781616079
fg5mf1ub56t3wk  0.300000000000000   0.090000000000000   0.056000000000000   0.309100000000000   0.455069149049869   0.783810177844656   0.926945033976763
fg5mf1ub67f1wk  0.300000000000000   0.070000000000000   0.062000000000000   0.178900000000000   0.289720000000000   0.769890000000000   0.926719204761359
fg5mf1ub67f2wk  0.300000000000000   0.070000000000000   0.086000000000000   0.208600000000000   0.341010000000000   0.771629490088624   0.925723475264027
fg5mf1ub67f3wk  0.300000000000000   0.060000000000000   0.051000000000000   0.231600000000000   0.418890000000000   0.782536632260779   0.926945033976763
fg5mf1ub67t1wk  0.500000000000000   0.220000000000000   0.160481444332999   0.221500000000000   0.593870000000000   0.818809919768636   0.932442892264083
fg5mf1ub67t2wk  0.300000000000000   0.170000000000000   0.131000000000000   0.248200000000000   0.588660000000000   0.815947901215552   0.931788902199473
fg5mf1ub67t3wk  0.300000000000000   0.090000000000000   0.068000000000000   0.268300000000000   0.587260000000000   0.819167585871021   0.933438768291546
fg5mf1ub567f1wk  0.000000000000000   0.050000000000000   0.057000000000000   0.057800000000000   0.318780000000000   0.777594000000000   0.924043603820581
fg5mf1ub567f2wk  0.200000000000000   0.040000000000000   0.043000000000000   0.064100000000000   0.352790000000000   0.778078382592405   0.923097659837898
fg5mf1ub567f3wk  0.300000000000000   0.030000000000000   0.031000000000000   0.231600000000000   0.424000000000000   0.782734146290095   0.926945033976763
fg5mf1ub567t1wk  0.300000000000000   0.220000000000000   0.197000000000000   0.377300000000000   0.595600000000000   0.817246000000000   0.933950994936133
fg5mf1ub567t2wk  0.400000000000000   0.200000000000000   0.186000000000000   0.364000000000000   0.594920000000000   0.820780407263582   0.934481416107721
fg5mf1ub567t3wk  0.300000000000000   0.090000000000000   0.089000000000000   0.309100000000000   0.586533166458073   0.824287945727674   0.934597772629338
