dreps 0.000217290012724  0.001113097962452  0.005560349062205  0.035490424703080  0.146196494855049  0.412990721384340  0.410724308629836
ureps0 0.000023027308085  0.000023680143576  0.000279985561529  0.002201477127358  0.031468777897853  0.215095915220428  0.762885808213384
ureps1wk 0.000078518370806  0.000039798551105  0.000318973554294  0.002602375775801  0.036942630268289  0.241922937078480  0.722673390494501
ureps2wk 0.000095039574906  0.000042840582632  0.000385484324915  0.003121448527973  0.040654512991590  0.235136837860995  0.725876971926818
ureps3wk 0.000187621740925  0.001113097962452  0.005317453513498  0.033132961135513  0.146196494855049  0.391227129966599  0.488678677233458
ureps4wk 0.000214099313681  0.001113097962452  0.005462809529167  0.035413053370175  0.146196494855049  0.404484045897963  0.411072737532273
urepsB0 0.000034604470898  0.000025016232123  0.000292112623406  0.002077302013334  0.030522653590360  0.215979035764780  0.762045329734057
urepsB1wk 0.000071441603633  0.000045613547832  0.000332104581975  0.002530131870209  0.036629747173374  0.239322740499302  0.725002778218337
urepsB2wk 0.000096653624113  0.000088072395509  0.000362061029555  0.002959179219489  0.039526852417422  0.237213346101507  0.723782823446399
urepsB3wk 0.000214099313681  0.001113097962452  0.005317453513498  0.033132961135513  0.146196494855049  0.391227129966599  0.488500723566326
urepsB4wk 0.000214324810900  0.001113097962452  0.005462809529167  0.035413053370175  0.146196494855049  0.404484045897963  0.411072737532273
urepsC0 0.000037903611117  0.000041693469611  0.000346095948101  0.002987873377386  0.034186482596011  0.210405263402221  0.755403934047106
urepsC1wk 0.000074445462225  0.000068547784037  0.000413988776541  0.003567108512676  0.039760713843315  0.245020193537224  0.713426908679634
urepsC2wk 0.000079064991423  0.000073691750356  0.000426417277846  0.003095639446191  0.040244454600983  0.245208247694079  0.714530783198630
urepsC3wk 0.000202205315020  0.001113097962452  0.005317453513498  0.033132961135513  0.146196494855049  0.391227129966599  0.488200776504744
urepsC4wk 0.000214099313681  0.001113097962452  0.005462809529167  0.035413053370175  0.146196494855049  0.404484045897963  0.411072737532273
ereps0 0.000045291782012  0.000171563713477  0.000882390733078  0.007965342650218  0.061290915070927  0.298992396852575  0.632988186907741
ereps1wk 0.000142922449873  0.000580477152219  0.004188523656191  0.017920448416091  0.077331689077348  0.329762108985999  0.572353976304765
ereps2wk 0.000202205315020  0.000651827110025  0.004014660361460  0.016148476401496  0.070629354200749  0.308118273220587  0.605695277455773
ereps3wk 0.000202205315020  0.001113097962452  0.005317453513498  0.033132961135513  0.146196494855049  0.391227129966599  0.474675178597210
ereps4wk 0.000217290012724  0.001113097962452  0.005462809529167  0.035413053370175  0.146196494855049  0.404484045897963  0.411072737532273
creps0 0.000148890924451  0.000025279336670  0.000123434808397  0.001098325113764  0.011094720726463  0.119757339404476  0.876528424680073
creps1wk 0.000155569558059  0.000030585616240  0.000103476232874  0.001034254600290  0.011085691964872  0.116877319926702  0.883146518379937
creps2wk 0.000187522363309  0.000101446737259  0.000195418451773  0.001213089405543  0.010204551577716  0.276052405289728  0.715160872328190
creps3wk 0.000214324810900  0.001113097962452  0.005317453513498  0.033132961135513  0.146196494855049  0.391227129966599  0.488817458709713
creps4wk 0.000213118835907  0.001113097962452  0.005462809529167  0.035413053370175  0.146196494855049  0.410986824863603  0.411072737532273
rreps0 0.000088201199536  0.000144161152948  0.000125767253941  0.001008060210240  0.009010741013017  0.112840807644172  0.891053772663379
rreps1wk 0.000281669076225  0.000443436014125  0.000374818997664  0.001834290263299  0.009029313235582  0.118284759923627  0.887038095918805
rreps2wk 0.000315669995841  0.001159493072583  0.002814801715966  0.005739749608095  0.010366859810008  0.246019595340361  0.742047552308726
rreps3wk 0.000221875725167  0.001113097962452  0.005317453513498  0.033132961135513  0.146196494855049  0.391227129966599  0.487632220134282
rreps4wk 0.000225878737945  0.001113097962452  0.005462809529167  0.035413053370175  0.146196494855049  0.409549021199165  0.411072737532273
rreps0d0 0.000000000000000  0.000012665019447  0.000115550472923  0.001159280583592  0.010813273364238  0.116885862809840  0.878924705427937
rreps0d1wk 0.000001078919742  0.000009137186866  0.000111682444211  0.001100707597741  0.011139303838182  0.116484347302371  0.883493930536989
rreps0d2wk 0.000315669995841  0.001159493072583  0.002814801715966  0.005739749608095  0.010366859810008  0.246019595340361  0.742047552308726
rreps0d3wk 0.000221875725167  0.001113097962452  0.005317453513498  0.033132961135513  0.146196494855049  0.391227129966599  0.487632220134282
rreps0d4wk 0.000225878737945  0.001113097962452  0.005462809529167  0.035413053370175  0.146196494855049  0.409549021199165  0.411072737532273
rreps7m0 0.000046985857257  0.000094717226509  0.000103444837729  0.001091353320832  0.009415262636274  0.117870430091452  0.886891448805798
rreps7m1wk 0.000182568412752  0.000783379947825  0.000786532492208  0.001613481140516  0.009610882902542  0.119802189540948  0.884664558457490
rreps7m2wk 0.000438890621196  0.000954814586613  0.003537821479371  0.004142230461358  0.011075550627489  0.269600465230193  0.715497495287818
rreps7m3wk 0.000239484004080  0.001113097962452  0.005317453513498  0.033132961135513  0.146196494855049  0.391227129966599  0.487632220134282
rreps7m4wk 0.000214324810900  0.001113097962452  0.005462809529167  0.035413053370175  0.146196494855049  0.409549021199165  0.411072737532273
lj1m0 0.000308072772697  0.003539796845453  0.022936657533800  0.070947429257540  0.150220141822230  0.331568594961810  0.424566482526366
lj1m1wk 0.000311470464838  0.003729065291670  0.024466308305196  0.074957629633538  0.150330124489693  0.341266373996629  0.413160420820456
lj1m2wk 0.000367285563950  0.003878137895332  0.023399193414829  0.070316555324384  0.136888550129937  0.349977366402211  0.410156529197341
lj1m3wk 0.000416465552959  0.001960466623461  0.007992100101020  0.046699626105293  0.146196494855049  0.399946090597492  0.397630279066001
lj1m4wk 0.000248969575680  0.001298139818283  0.005750683837284  0.037164205433194  0.146196494855049  0.412990721384340  0.397630279066001
lj1u0 0.000181936233624  0.002015373641534  0.009702868874982  0.031634622257165  0.091928810010469  0.407240554193377  0.466659519214733
lj1u1wk 0.000603112465777  0.002421095901939  0.010360427757403  0.033638291650068  0.096361534082041  0.402181619449942  0.463332877712899
lj1u2wk 0.000535440131788  0.002348785424635  0.009043834957397  0.035317020311476  0.094629940312773  0.414056887804785  0.448217786423521
lj1u3wk 0.000308673319401  0.001890014778145  0.007414195931397  0.035490424703080  0.146196494855049  0.419401462081926  0.398436367580323
lj1u4wk 0.000248969575680  0.001298139818283  0.005750683837284  0.035413053370175  0.146196494855049  0.412990721384340  0.397630279066001
lj2m0 0.000341679287993  0.003801034252465  0.023183977722863  0.074021394706121  0.150598854403018  0.340042408214805  0.416133410504699
lj2m1wk 0.000319330918209  0.003718541161673  0.024394559886749  0.075733726875483  0.147055054610380  0.351835987120026  0.401317622568604
lj2m2wk 0.000309127816439  0.003676494833123  0.022806773915943  0.068294540773995  0.134881838101768  0.364571420131079  0.405364769285268
lj2m3wk 0.000308673319401  0.001960466623461  0.007992100101020  0.046699626105293  0.146196494855049  0.400504214464290  0.396399840669030
lj2m4wk 0.000248969575680  0.001298139818283  0.005750683837284  0.037164205433194  0.146196494855049  0.412990721384340  0.397630279066001
lj2u0 0.000218945029593  0.001985800395492  0.009707118896502  0.033884291185222  0.092357545241537  0.426333616970947  0.447465540145144
lj2u1wk 0.000388364292422  0.002271698472828  0.010182048839663  0.034871686887332  0.095420784587393  0.418467327465649  0.446506117143617
lj2u2wk 0.000489100209489  0.002278957045876  0.009303136488912  0.035490424703080  0.089921320046302  0.423013162660553  0.438363741746888
lj2u3wk 0.000308673319401  0.001655780704582  0.007366729340026  0.035490424703080  0.146196494855049  0.431241145456891  0.397630279066001
lj2u4wk 0.000248969575680  0.001298139818283  0.005750683837284  0.035490424703080  0.146196494855049  0.412990721384340  0.397630279066001
lj5m0 0.000289471010844  0.003616843148394  0.022927694871941  0.070674318818024  0.137634573418108  0.342679817978224  0.426858086200340
lj5m1wk 0.000265290301281  0.003788738524966  0.023617551387639  0.073171226163120  0.137150749288573  0.376120983975996  0.391030042589447
lj5m2wk 0.000387063316794  0.003848220719529  0.020988225748851  0.061272931090475  0.126797024256540  0.392709543448731  0.392068655270261
lj5m3wk 0.000308673319401  0.001960466623461  0.007992100101020  0.048169967143460  0.146196494855049  0.407659322343281  0.389819928444472
lj5m4wk 0.000248969575680  0.001298139818283  0.005750683837284  0.037332332690063  0.146196494855049  0.412990721384340  0.397630279066001
lj5u0 0.000241802350758  0.001927824196502  0.009589661410763  0.037057846900639  0.089358261101968  0.439821581573509  0.417487139016784
lj5u1wk 0.000249846292719  0.001916809404006  0.009789038822769  0.038266985129285  0.094904533529478  0.440262468281077  0.414749799553798
lj5u2wk 0.000412338942611  0.001908147580702  0.008663533184870  0.037357081414312  0.093448059353704  0.444721788216320  0.418602027954184
lj5u3wk 0.000308673319401  0.001601926301416  0.006795256352552  0.035490424703080  0.146196494855049  0.431241145456891  0.403381059573796
lj5u4wk 0.000248969575680  0.001298139818283  0.005750683837284  0.035496896281565  0.146196494855049  0.412990721384340  0.397630279066001
lj1c0 0.000660475863241  0.003241074906161  0.019503632183313  0.037921858247940  0.017235018725522  0.156309576599525  0.773554166626207
lj1c1wk 0.000685477840371  0.004634991900207  0.022881561036296  0.047840595097567  0.019466085340576  0.174238508754319  0.730173630361373
lj1c2wk 0.000730830399706  0.004172189652178  0.020484537514102  0.039132369502174  0.048536390546446  0.364485156998135  0.526501940426390
lj1c3wk 0.000416465552959  0.001960466623461  0.007992100101020  0.035413053370175  0.158066408817460  0.404484045897963  0.403381059573796
lj1c4wk 0.000248969575680  0.001298139818283  0.005750683837284  0.035413053370175  0.150642346759022  0.412990721384340  0.398257051993902
lj2c0 0.000610816144341  0.003975474102148  0.020469408104616  0.041024475904066  0.019310032640030  0.159262579934466  0.761868200398953
lj2c1wk 0.000850365256144  0.004227852120847  0.022842601649631  0.048373178912826  0.019923522264313  0.181753042334257  0.720907198876197
lj2c2wk 0.000782842456648  0.004594776906617  0.020548891188557  0.038949468992973  0.050398739070449  0.368137946676075  0.523276296557633
lj2c3wk 0.000416465552959  0.001960466623461  0.007992100101020  0.035413053370175  0.158066408817460  0.405786071702432  0.403381059573796
lj2c4wk 0.000248969575680  0.001298139818283  0.005750683837284  0.035413053370175  0.149957284343503  0.412990721384340  0.397630279066001
lj5c0 0.000793367164606  0.004335099524952  0.020960607184060  0.044227861498916  0.022072522812284  0.181092182853687  0.728279719622575
lj5c1wk 0.000779474378666  0.004359912741897  0.022606605362447  0.050565839944726  0.021653205632192  0.191157605359210  0.714133773007052
lj5c2wk 0.000621357884910  0.004780842317985  0.020332492354663  0.039358409972541  0.056381960847967  0.370534909657736  0.510671085126758
lj5c3wk 0.000416465552959  0.001960466623461  0.007992100101020  0.035496896281565  0.158066408817460  0.404484045897963  0.403381059573796
lj5c4wk 0.000248969575680  0.001298139818283  0.005750683837284  0.035490424703080  0.147301084355938  0.412990721384340  0.403381059573796
fg5uf1u0 0.000539873242016  0.002751261536983  0.011178624071199  0.041704944326578  0.113787107504662  0.465989082207488  0.362023913294407
fg5uf1u1wk 0.000901004467685  0.003383862923040  0.010810434210541  0.042422024237388  0.108095542703394  0.467585254674411  0.370348016733028
fg5uf1u2wk 0.000823215763449  0.003302691413613  0.009095786693440  0.039375252563416  0.100044201141463  0.473716886574687  0.374741043854891
fg5uf1u3wk 0.000339938037642  0.001960466623461  0.007509278454383  0.035490424703080  0.146196494855049  0.431241145456891  0.383421608660074
fg5uf1u4wk 0.000248969575680  0.001298139818283  0.005750683837284  0.035496896281565  0.146196494855049  0.412990721384340  0.397630279066001
fg5mf1u0 0.000369303567533  0.003764707819969  0.025200363094959  0.079531329909970  0.160299208157579  0.386582771037793  0.345211217539174
fg5mf1u1wk 0.000406271579680  0.003700308424539  0.025432111791821  0.078187670056767  0.158725700836775  0.388093039535585  0.350452939767034
fg5mf1u2wk 0.000389536130370  0.004039290476176  0.023340644740425  0.069322751288500  0.144523798562418  0.410414866553431  0.351413246549750
fg5mf1u3wk 0.000387063316794  0.001960466623461  0.007992100101020  0.048169967143460  0.146196494855049  0.416971586604554  0.367712259477290
fg5mf1u4wk 0.000248969575680  0.001298139818283  0.005750683837284  0.037332332690063  0.146196494855049  0.412990721384340  0.397630279066001
fg5uf1m0 0.000717410695799  0.002997359651400  0.011443845800443  0.042182420089819  0.102706548964471  0.407704132797159  0.443184722762724
fg5uf1m1wk 0.000888147123597  0.002958342652886  0.011102084149266  0.040778250704260  0.103019695617074  0.422631698931763  0.439272214102112
fg5uf1m2wk 0.000796037380817  0.003189168965256  0.009339201161775  0.039169451052003  0.090454473363090  0.432528744317665  0.424431921782634
fg5uf1m3wk 0.000416465552959  0.001960466623461  0.007992100101020  0.035496896281565  0.146196494855049  0.431241145456891  0.394898606654670
fg5uf1m4wk 0.000248969575680  0.001298139818283  0.005750683837284  0.035839090957874  0.146196494855049  0.412990721384340  0.397630279066001
fg5mf1m0 0.000456981057687  0.005042870875964  0.025314286482321  0.069758634864428  0.141787333560330  0.278148005719983  0.486938847793253
fg5mf1m1wk 0.000413577146909  0.003859839755454  0.024771367943942  0.071019548620957  0.147605287353577  0.341066612151228  0.429604328408642
fg5mf1m2wk 0.000387063316794  0.003920737844750  0.023436143296469  0.062685423937676  0.136557130404671  0.369917763841431  0.411477332435672
fg5mf1m3wk 0.000387063316794  0.001960466623461  0.007992100101020  0.048169967143460  0.146196494855049  0.404484045897963  0.391610734628146
fg5mf1m4wk 0.000248969575680  0.001298139818283  0.005750683837284  0.037332332690063  0.146196494855049  0.412990721384340  0.397630279066001
fg8uf05m0 0.000578130161876  0.002055294707980  0.010705356561585  0.041539310412752  0.090754131826734  0.358013268230101  0.511749058465488
fg8uf05m1wk 0.000554542976413  0.002298345907779  0.010155698731857  0.041700617063350  0.093908052795160  0.406749577109094  0.457258054945067
fg8uf05m2wk 0.000588551446176  0.002685431238826  0.008082511179039  0.037653822372209  0.095051880768805  0.427643522975886  0.430159900883165
fg8uf05m3wk 0.000387063316794  0.001960466623461  0.007157750488780  0.035490424703080  0.146196494855049  0.431241145456891  0.407305205041419
fg8uf05m4wk 0.000387063316794  0.001558274323923  0.006689791873142  0.035490424703080  0.146196494855049  0.414318834736152  0.411072737532273
fg2uf05m0 0.000699527545265  0.003115351361403  0.012132705004788  0.039104631822993  0.112706251756727  0.408845156787477  0.444130838439321
fg2uf05m1wk 0.000852042675231  0.003147760875251  0.010655411375914  0.036618078321274  0.097549506299636  0.411789721964120  0.453779662854533
fg2uf05m2wk 0.000867245956017  0.003543665849339  0.009665255721502  0.036754479944500  0.100183092680285  0.424913511645139  0.435088412078291
fg2uf05m3wk 0.000413656358665  0.001960466623461  0.007992100101020  0.036583011913750  0.146196494855049  0.431241145456891  0.397611836929956
fg2uf05m4wk 0.000387063316794  0.001558274323923  0.007366729340026  0.036583011913750  0.146196494855049  0.431107865450440  0.397630279066001
fg5mf1c0 0.000867102638469  0.004396129030784  0.026712502731853  0.082391508514522  0.137249886598458  0.304561658873508  0.450105261272917
fg5mf1c1wk 0.000653833339587  0.004865223049934  0.026174580198095  0.076255022737173  0.129137892318220  0.312186506382350  0.461879068201754
fg5mf1c2wk 0.000897717105401  0.004729636351384  0.023853340953954  0.062600329029363  0.123622627657866  0.346104450969997  0.444832392252162
fg5mf1c3wk 0.000416465552959  0.001960466623461  0.007992100101020  0.048169967143460  0.146196494855049  0.402504858994093  0.403381059573796
fg5mf1c4wk 0.000248969575680  0.001298139818283  0.005750683837284  0.037332332690063  0.146196494855049  0.412990721384340  0.397630279066001
fg5mf1c0d0 0.000428394708736  0.004804749012581  0.022324689359412  0.063862854578992  0.127928611159018  0.342380168583685  0.454438668506234
fg5mf1c0d1wk 0.000401399220921  0.004793809342841  0.022835578915644  0.062071022380397  0.121412731213144  0.334814922282526  0.462468977857499
fg5mf1c0d2wk 0.000534421450450  0.004799945555246  0.020904231395353  0.053898935008274  0.109339877379206  0.364682057513163  0.438117361160746
fg5mf1c0d3wk 0.000390959954530  0.001960466623461  0.007992100101020  0.046894584249463  0.146196494855049  0.402892368045418  0.401745883884125
fg5mf1c0d4wk 0.000248969575680  0.001298139818283  0.005750683837284  0.037332332690063  0.146196494855049  0.412990721384340  0.397630279066001
fg8uf05c0d0 0.000354241544971  0.001843193373736  0.009837276344317  0.035832418677573  0.071054996636788  0.342104026687967  0.551590141625926
fg8uf05c0d1wk 0.000641466595205  0.002047770454296  0.009203226445482  0.033426012539205  0.074320838150580  0.364056558784927  0.528139962703493
fg8uf05c0d2wk 0.000527672541497  0.001731264855029  0.006335024896958  0.029714528625359  0.061892120471738  0.412233655175092  0.491275343673314
fg8uf05c0d3wk 0.000396933636767  0.001558274323923  0.005840801138536  0.035413053370175  0.146196494855049  0.414056887804785  0.414762360768106
fg8uf05c0d4wk 0.000308673319401  0.001558274323923  0.005614328820451  0.035413053370175  0.146196494855049  0.414056887804785  0.414524600695474
fg2uf05c0d0 0.000505803563736  0.002486456975842  0.010119045076523  0.033282409888714  0.091177277032753  0.380585826661279  0.504719988566204
fg2uf05c0d1wk 0.000835066826703  0.002876925933896  0.009828587049843  0.033002168060420  0.085321908804022  0.393385886302768  0.499022374036224
fg2uf05c0d2wk 0.000638117553218  0.002357996347869  0.008581908782615  0.032607112454726  0.079624752795495  0.409697559073830  0.468841879772712
fg2uf05c0d3wk 0.000337016938294  0.001960466623461  0.007366729340026  0.035490424703080  0.146196494855049  0.426981464012641  0.397630279066001
fg2uf05c0d4wk 0.000318564687969  0.001558274323923  0.007056969204867  0.035413053370175  0.146196494855049  0.431107865450440  0.402954228375725
fg8uf05c7m0 0.000908917637529  0.002889788481361  0.009612742544244  0.035534122410972  0.087659591735615  0.387790847873857  0.495598760143138
fg8uf05c7m1wk 0.000904560612156  0.003152438476790  0.009651322224738  0.034909664839960  0.075338807772106  0.384747305168885  0.510570716176136
fg8uf05c7m2wk 0.001060872036814  0.002614398392957  0.007381403606537  0.034610309449116  0.072797951778761  0.399366211380475  0.486253067448121
fg8uf05c7m3wk 0.000416465552959  0.001960466623461  0.006853571368011  0.035413053370175  0.146196494855049  0.414056887804785  0.412149085227559
fg8uf05c7m4wk 0.000248969575680  0.001298139818283  0.005750683837284  0.035490424703080  0.146196494855049  0.412990721384340  0.410724308629836
fg2uf05c7m0 0.000760067149239  0.003396788551871  0.011230107522068  0.035358444714459  0.091163882642328  0.369531569136454  0.509395325566436
fg2uf05c7m1wk 0.000937374049904  0.003724007281998  0.011313052710714  0.034366967390757  0.084085610123720  0.373878445667453  0.514103667524351
fg2uf05c7m2wk 0.000856200142004  0.003441980776160  0.009457208917145  0.034579455220342  0.077150337314279  0.394128368236724  0.485248312517977
fg2uf05c7m3wk 0.000416465552959  0.001960466623461  0.007992100101020  0.035490424703080  0.146196494855049  0.414056887804785  0.399124625335386
fg2uf05c7m4wk 0.000248969575680  0.001298139818283  0.005750683837284  0.035490424703080  0.146196494855049  0.412990721384340  0.397630279066001
fg8uf05c0 0.000897005217640  0.002725610972467  0.009912324589617  0.039123532080036  0.091223331513485  0.393415801799354  0.482870067032912
fg8uf05c1wk 0.000944597887572  0.002797817932286  0.009871301465532  0.034622169636030  0.072738378475352  0.385106061635053  0.501391370643032
fg8uf05c2wk 0.000938698687251  0.002562701249594  0.008022130576918  0.036449278767091  0.078323099779577  0.401268672718176  0.480213007181941
fg8uf05c3wk 0.000416465552959  0.001960466623461  0.007157750488780  0.035490424703080  0.146196494855049  0.418071843302482  0.411072737532273
fg8uf05c4wk 0.000248969575680  0.001298139818283  0.005750683837284  0.035490424703080  0.146196494855049  0.412990721384340  0.410724308629836
fg2uf05c0 0.000726775862121  0.003240420793980  0.011777972685127  0.035529951127472  0.087513766247469  0.371326167319931  0.508776908890643
fg2uf05c1wk 0.000851778742723  0.003495819658027  0.011703233776711  0.033718238711677  0.087337800656278  0.377856002668382  0.500977625963776
fg2uf05c2wk 0.000857374500955  0.003410879743429  0.009608283359428  0.035797478132994  0.087051979172451  0.397250783723619  0.465611852833436
fg2uf05c3wk 0.000416465552959  0.001960466623461  0.007992100101020  0.035490424703080  0.146196494855049  0.417872394995786  0.397630279066001
fg2uf05c4wk 0.000248969575680  0.001298139818283  0.005750683837284  0.035496896281565  0.146196494855049  0.412990721384340  0.399366544473235
fg8cf05c0 0.000712584980574  0.005296319585410  0.020942911119671  0.045316791463951  0.017231994355123  0.202293231187944  0.712226574346576
fg8cf05c1wk 0.000862033185085  0.005325547848472  0.021871861017874  0.052473591812501  0.017227741643437  0.213106069678795  0.691147119600827
fg8cf05c2wk 0.000783689487976  0.005298928128927  0.018468418699933  0.039861662664534  0.046791506665585  0.354223577440653  0.533856660450582
fg8cf05c3wk 0.000416465552959  0.001960466623461  0.007992100101020  0.037583684749720  0.158066408817460  0.404484045897963  0.411185762275749
fg8cf05c4wk 0.000248969575680  0.001298139818283  0.005750683837284  0.036191187666152  0.146196494855049  0.412990721384340  0.406053891787578
fg2cf05c0 0.000772251763028  0.004935207649026  0.022343854208076  0.043044705407994  0.017791244975975  0.166140693292248  0.754291133545449
fg2cf05c1wk 0.000731012120480  0.004939440412995  0.023362928101867  0.051567648604031  0.019252853024563  0.193363888378689  0.710932585857736
fg2cf05c2wk 0.000922407300600  0.005178563634105  0.020623405426390  0.039174829188418  0.054062568076100  0.359985635804647  0.530431933874301
fg2cf05c3wk 0.000416465552959  0.001960466623461  0.007992100101020  0.035739642150907  0.158066408817460  0.405010051419979  0.403381059573796
fg2cf05c4wk 0.000248969575680  0.001298139818283  0.005750683837284  0.035413053370175  0.150778054018645  0.412990721384340  0.397630279066001
fg5cf1cA0 0.000809893882615  0.004947066488654  0.022468503635420  0.045129915895316  0.017587496724085  0.182247618567613  0.725610068642066
fg5cf1cA1wk 0.000728785946921  0.005008367551941  0.023354296743928  0.051555231875206  0.017957972982632  0.201999669850559  0.704119378248965
fg5cf1cA2wk 0.000942462942683  0.005004159352972  0.020544887897852  0.040441936722697  0.059103936987694  0.370534909657736  0.511202812358248
fg5cf1cA3wk 0.000416465552959  0.001960466623461  0.007992100101020  0.037357081414312  0.158066408817460  0.406280766193901  0.403381059573796
fg5cf1cA4wk 0.000248969575680  0.001298139818283  0.005750683837284  0.035496896281565  0.150778054018645  0.412990721384340  0.400599424456995
fg5cf1cB0 0.000770633460705  0.005022371400859  0.022428598074456  0.045138458778453  0.017791199104186  0.181767552038708  0.726795393677412
fg5cf1cB1wk 0.000827453965876  0.004976297658424  0.023164234928118  0.051078548394542  0.018501177137808  0.203980566497600  0.701152915679653
fg5cf1cB2wk 0.000910748635378  0.005165359157144  0.020251401602961  0.040402900104238  0.057938901299800  0.369604606622650  0.517136233052770
fg5cf1cB3wk 0.000416465552959  0.001960466623461  0.007992100101020  0.036637115709113  0.158066408817460  0.406924700236657  0.403381059573796
fg5cf1cB4wk 0.000248969575680  0.001298139818283  0.005750683837284  0.035496896281565  0.150778054018645  0.412990721384340  0.399758598317950
fg5cf1cC0 0.000876165312329  0.004953411266473  0.022236320051950  0.045097880083549  0.017620851499774  0.178768711254473  0.730011789178730
fg5cf1cC1wk 0.000704561516959  0.004896692816857  0.023194616622053  0.050850511566957  0.018832344602483  0.199887447514662  0.707351791656166
fg5cf1cC2wk 0.000842541849449  0.005356044149860  0.020449809743609  0.040033634794499  0.059037729643377  0.370534909657736  0.513672445945265
fg5cf1cC3wk 0.000416465552959  0.001960466623461  0.007992100101020  0.037083482622716  0.158066408817460  0.406231650113870  0.403381059573796
fg5cf1cC4wk 0.000248969575680  0.001298139818283  0.005750683837284  0.035490424703080  0.150778054018645  0.412990721384340  0.400973567212358
fg5cf1cb1f1wk 0.000329162938647  0.001148052952440  0.005676745844955  0.035607195123199  0.149517413436823  0.413086879730673  0.404244958631088
fg5cf1cb1f2wk 0.000308673319401  0.001159573319768  0.005566756224558  0.035542380339971  0.149598054533542  0.413645785934577  0.404144579754221
fg5cf1cb1f3wk 0.000238160182060  0.001159573319768  0.005560349062205  0.035496896281565  0.147281585781336  0.412990721384340  0.405131521752892
fg5cf1cb1t1wk 0.000680227069834  0.004392980750803  0.024025790964193  0.050887304717124  0.028213375265051  0.201409500751468  0.694538534810113
fg5cf1cb1t2wk 0.000629861114042  0.005019152933878  0.020850835124043  0.039252773670916  0.062654572791772  0.370534909657736  0.501614081951515
fg5cf1cb1t3wk 0.000416465552959  0.001960466623461  0.007992100101020  0.035413053370175  0.158066408817460  0.404484045897963  0.403381059573796
fg5cf1cb2f1wk 0.000450853479601  0.001418206262978  0.005555958559473  0.035545791644351  0.147616047578247  0.411539907279790  0.407856670325290
fg5cf1cb2f2wk 0.000449098229814  0.001321921570712  0.005462809529167  0.035298095010753  0.147380424373771  0.412488431955719  0.408304038285427
fg5cf1cb2f3wk 0.000280230349347  0.001150128445395  0.005560349062205  0.035490424703080  0.146196494855049  0.412990721384340  0.410937280520970
fg5cf1cb2t1wk 0.000675068244156  0.004533516481897  0.025080041263342  0.054092463629437  0.036949641536738  0.198289630225710  0.674968925262587
fg5cf1cb2t2wk 0.000672062863726  0.004606284328697  0.022295902180226  0.043920198018996  0.067178029413147  0.366097978932514  0.500734589990424
fg5cf1cb2t3wk 0.000416465552959  0.001960466623461  0.007992100101020  0.036583011913750  0.158066408817460  0.402892368045418  0.403381059573796
fg5cf1cb3f1wk 0.000526076251661  0.001839286344074  0.006940867312768  0.034507393656425  0.149085126152527  0.410301219782949  0.410259399178348
fg5cf1cb3f2wk 0.000426237671814  0.001677815938223  0.006373093672156  0.034725347894128  0.147656368126607  0.411183798363218  0.408043442481125
fg5cf1cb3f3wk 0.000332155328998  0.001321921570712  0.005796101804662  0.035329620482839  0.146196494855049  0.412990721384340  0.410576903149445
fg5cf1cb3t1wk 0.000793420271407  0.004441518303354  0.022723862903376  0.066244719430361  0.066298285749529  0.242239858529855  0.595746074857647
fg5cf1cb3t2wk 0.000910830034399  0.004472652970785  0.019509645267565  0.050953250812786  0.093267994515469  0.337602198161154  0.495006664868477
fg5cf1cb3t3wk 0.000416465552959  0.001960466623461  0.007992100101020  0.039707639679817  0.158066408817460  0.399946090597492  0.403381059573796
fg5cf1cb4f1wk 0.000571796154671  0.002804216740211  0.010818519911327  0.042970757918733  0.146293266245515  0.392425629966618  0.405875629767669
fg5cf1cb4f2wk 0.000524319452572  0.002590849516851  0.009947119553378  0.039993009713860  0.144572643981819  0.399623447793773  0.406682436053799
fg5cf1cb4f3wk 0.000398625835992  0.001960466623461  0.007879206393797  0.035496896281565  0.146196494855049  0.406203899605476  0.410557329937573
fg5cf1cb4t1wk 0.000985894130138  0.005198235318869  0.016568004084323  0.056109059227862  0.067375636308654  0.323657941998211  0.548686060086246
fg5cf1cb4t2wk 0.000898070589843  0.004623437729087  0.013689132521547  0.046699626105293  0.121259818976306  0.372732398457155  0.472895771382491
fg5cf1cb4t3wk 0.000416465552959  0.001960466623461  0.007992100101020  0.039196985107003  0.158066408817460  0.410918624478036  0.403381059573796
fg5cf1cb5f1wk 0.000357812941881  0.002283877347179  0.010933365878595  0.048999394539686  0.179410948405732  0.349851093536447  0.413322650065836
fg5cf1cb5f2wk 0.000331223023883  0.002268723354291  0.009908074240839  0.046699626105293  0.172389704336965  0.354427842511886  0.411895405093918
fg5cf1cb5f3wk 0.000292398621455  0.001558274323923  0.007992100101020  0.039733661069399  0.150440733427733  0.391227129966599  0.410310937741067
fg5cf1cb5t1wk 0.000944776606370  0.005342970019748  0.022116179499549  0.038649641083751  0.022468933893436  0.257145557179578  0.651603072020776
fg5cf1cb5t2wk 0.000883875988356  0.005052917318431  0.018784752488646  0.034720075776459  0.067705552446895  0.370534909657736  0.484787813114258
fg5cf1cb5t3wk 0.000416465552959  0.001960466623461  0.007992100101020  0.034697547821962  0.158066408817460  0.409549021199165  0.403381059573796
fg5cf1cb6f1wk 0.000246876900338  0.001273877324732  0.005858784275545  0.048241112669294  0.220600460085616  0.358779917091849  0.373406577463581
fg5cf1cb6f2wk 0.000252155454365  0.001159573319768  0.005792976472886  0.042925650805958  0.187088027316821  0.370534909657736  0.386912358129196
fg5cf1cb6f3wk 0.000235193328916  0.001150128445395  0.005560349062205  0.036476024940374  0.171041664534601  0.396281856862534  0.400468158101637
fg5cf1cb6t1wk 0.000707934350958  0.004029654939632  0.023613410223203  0.064851390473427  0.056238243010338  0.363774676523062  0.477101708583237
fg5cf1cb6t2wk 0.000845695161423  0.004041321966657  0.021750857035057  0.049495741982852  0.070685997829460  0.405379477559227  0.439770331730843
fg5cf1cb6t3wk 0.000416465552959  0.001960466623461  0.007992100101020  0.041241988897625  0.146196494855049  0.420510832438068  0.397630279066001
fg5cf1cb7f1wk 0.000326936976321  0.001621265185334  0.009061448510676  0.045278855869524  0.056765032004435  0.454281582528721  0.431009016532287
fg5cf1cb7f2wk 0.000320308469219  0.001517067500661  0.008771992065270  0.041803824338919  0.127974525122484  0.463403664210857  0.407305205041419
fg5cf1cb7f3wk 0.000265251692518  0.001321921570712  0.007157750488780  0.036580068816567  0.146196494855049  0.431241145456891  0.397630279066001
fg5cf1cb7t1wk 0.000852308988772  0.003654595009360  0.015034746610304  0.046262929250008  0.169588078704467  0.313307702284153  0.460111262001763
fg5cf1cb7t2wk 0.000901007355765  0.003439261506524  0.014009260485321  0.046067497319670  0.167649810134422  0.324505687424449  0.445288267356258
fg5cf1cb7t3wk 0.000416465552959  0.001960466623461  0.007992100101020  0.042361540963672  0.159015319371977  0.350959759728103  0.427126962571177
fg5cf1cb15f1wk 0.000372965072325  0.002412135177277  0.010728422836642  0.048237332463545  0.178675096587185  0.350740307324076  0.412991129042108
fg5cf1cb15f2wk 0.000568101728652  0.002422312962835  0.010476594047560  0.046187924209913  0.169579764556296  0.359166927896496  0.413284084216800
fg5cf1cb15f3wk 0.000416465552959  0.001960466623461  0.007992100101020  0.042361540963672  0.150778054018645  0.383088054123385  0.407311630863040
fg5cf1cb15t1wk 0.000819929868135  0.004678728021072  0.022822312302179  0.042212095832866  0.024898148809949  0.268759135124238  0.641068629251686
fg5cf1cb15t2wk 0.000761052532198  0.004579944884515  0.020149905109009  0.038753017677177  0.074151157774237  0.372579991899554  0.479092535658485
fg5cf1cb15t3wk 0.000416465552959  0.001960466623461  0.007992100101020  0.035616276579348  0.158066408817460  0.412990721384340  0.403381059573796
fg5cf1cb56f1wk 0.000328413044377  0.002378816254638  0.011248898101160  0.049356256196185  0.213050213307559  0.312977267313732  0.415325359954471
fg5cf1cb56f2wk 0.000320733297603  0.002143762172506  0.010406180915420  0.048218276860194  0.203135373914524  0.322516108240974  0.415627175501663
fg5cf1cb56f3wk 0.000307730384378  0.001960466623461  0.007992100101020  0.041589186311148  0.169579764556296  0.365289701919671  0.414979724455231
fg5cf1cb56t1wk 0.000876720664386  0.004508114286444  0.022361690580923  0.048289210910468  0.059868454210977  0.401685902928280  0.462326094650233
fg5cf1cb56t2wk 0.000958262472546  0.004573646059809  0.018216480930633  0.040050722265189  0.063199939519177  0.431107865450440  0.433710631567250
fg5cf1cb56t3wk 0.000416465552959  0.001960466623461  0.007992100101020  0.035496896281565  0.146196494855049  0.431107865450440  0.398699417639379
fg5cf1cb67f1wk 0.000323904865298  0.002099891711467  0.011872432845338  0.057373149964456  0.075429665843455  0.350337388208797  0.473966785948289
fg5cf1cb67f2wk 0.000343851046290  0.001809400017725  0.008944213379867  0.050690573036651  0.169579764556296  0.384267519037921  0.395943821027804
fg5cf1cb67f3wk 0.000271603173469  0.001523450849495  0.006023213493301  0.037653822372209  0.158066408817460  0.412990721384340  0.397630279066001
fg5cf1cb67t1wk 0.000863288814714  0.003641993718837  0.014986128608189  0.045933213482839  0.144684825834225  0.350862904661729  0.437949977224639
fg5cf1cb67t2wk 0.000894025537505  0.003486350257300  0.013144892879357  0.045478038383174  0.143222280124248  0.362206743679459  0.432814353100067
fg5cf1cb67t3wk 0.000416465552959  0.001960466623461  0.007992100101020  0.042185436303721  0.146196494855049  0.381635030983243  0.419666213994711
fg5cf1cb567f1wk 0.000345026930421  0.002637220559127  0.015688571974197  0.068449516801881  0.115751795073319  0.318720869603289  0.509236890381912
fg5cf1cb567f2wk 0.000325836409398  0.002287966193467  0.012512716971967  0.060592112551868  0.158066408817460  0.358263155696534  0.446632366750197
fg5cf1cb567f3wk 0.000308673319401  0.001960466623461  0.006373093672156  0.041567119322000  0.162692267988025  0.413248633781907  0.403381059573796
fg5cf1cb567t1wk 0.000892591793448  0.003694413084511  0.011994924781298  0.037641062500614  0.134375061824465  0.401103364745502  0.426164236889994
fg5cf1cb567t2wk 0.000693214709293  0.003499378505252  0.010621259755275  0.035183341136955  0.137166725467466  0.401578395635289  0.419962357845156
fg5cf1cb567t3wk 0.000416465552959  0.001960466623461  0.007992100101020  0.035496896281565  0.146196494855049  0.407356534113806  0.411072737532273
