dreps 0.004684004545137  0.011744296323543  0.025815865325776  0.090841815704382  0.186347179815219  0.386988788918971  0.312651000433846
ureps0 0.000011200516120  0.000263264479546  0.002096271814713  0.014706219694297  0.082163533700236  0.289519424370251  0.608274733601122
ureps1wk 0.000005906709431  0.000258288874674  0.002207772776437  0.015382507802635  0.086707025677211  0.324015538684234  0.578278970446115
ureps2wk 0.000007560102817  0.000267081687429  0.002299967207280  0.015670788363948  0.089369674680551  0.320609677649918  0.577500631292661
ureps3wk 0.000107502111649  0.004182259170439  0.018322348609432  0.090841815704382  0.186347179815219  0.343833476135275  0.529766947848384
ureps4wk 0.000265897237659  0.005867334124907  0.023548814849756  0.090841815704382  0.186347179815219  0.366908868836931  0.314978912666212
urepsB0 0.000010233913141  0.000263836270749  0.002090675787445  0.014733713821023  0.082231434493603  0.290013104178217  0.608272012499370
urepsB1wk 0.000005756827021  0.000258536459796  0.002152040921751  0.015297929621423  0.086325435846584  0.323800309760843  0.578462548057242
urepsB2wk 0.000007477940077  0.000255178843435  0.002285032214668  0.015549281681081  0.089162621671623  0.319846091535034  0.577800311077442
urepsB3wk 0.000107502111649  0.004182259170439  0.018322348609432  0.090841815704382  0.186347179815219  0.343469331182904  0.529686365055720
urepsB4wk 0.000265897237659  0.005867334124907  0.023548814849756  0.090841815704382  0.186347179815219  0.366908868836931  0.314978912666212
urepsC0 0.000008955544676  0.000304340211778  0.002664632119725  0.017461225073261  0.108047729449121  0.357239997684232  0.516313409622710
urepsC1wk 0.000006385431001  0.000276443747055  0.002610985776601  0.017153926192089  0.103224692063946  0.349063994933076  0.537762747049502
urepsC2wk 0.000007475022745  0.000268029447502  0.002454542413953  0.016001820112240  0.103741462685079  0.325913747312508  0.536181548621079
urepsC3wk 0.000107502111649  0.004182259170439  0.018322348609432  0.090841815704382  0.186347179815219  0.350971473212036  0.530085921402678
urepsC4wk 0.000265897237659  0.005867334124907  0.023548814849756  0.090841815704382  0.186347179815219  0.366908868836931  0.314978912666212
ereps0 0.000022443354576  0.000704705537021  0.006099506455955  0.039924096483322  0.206043042185374  0.463514393998833  0.290125834409556
ereps1wk 0.000039201806419  0.009932792122102  0.012302819578580  0.039176667700066  0.173685283417860  0.468878813552683  0.308237371119060
ereps2wk 0.000079950385075  0.007747541205456  0.009208868490060  0.032281639030291  0.147896340269926  0.407553940811588  0.351476793709850
ereps3wk 0.000107502111649  0.006965344243643  0.018322348609432  0.090841815704382  0.186347179815219  0.387822393975165  0.378846423974191
ereps4wk 0.000280589588874  0.005867334124907  0.023548814849756  0.090841815704382  0.186347179815219  0.378772944332831  0.314978912666212
creps0 0.000014025956651  0.000000000000000  0.000000000000000  0.000000000000000  0.000001068731170  0.000011756042873  0.999956157876739
creps1wk 0.000013724782428  0.000000000000000  0.000000000000000  0.000000000000000  0.000001119205454  0.000008338693922  0.999962309104179
creps2wk 0.000078368948798  0.000000000000000  0.000000000000000  0.000000000000000  0.000001260017136  0.000022680308452  0.999915868345110
creps3wk 0.000107502111649  0.004182259170439  0.018322348609432  0.090841815704382  0.186347179815219  0.271923823166267  0.536181548621079
creps4wk 0.000265897237659  0.005867334124907  0.023548814849756  0.090841815704382  0.186347179815219  0.366908868836931  0.314978912666212
rreps0 0.858473112767784  0.113491567702753  0.002574641045101  0.011138767420508  0.006900538608412  0.001770466973457  0.000000000000000
rreps1wk 0.927790124352354  0.060288301088582  0.002927005335031  0.011441514892049  0.006980943114321  0.001763644364696  0.000000000000000
rreps2wk 0.581534128730224  0.101317282806467  0.027589515262626  0.011177863214608  0.010556867837326  0.002297020131563  0.000000000000000
rreps3wk 0.006793113026648  0.005340369821411  0.020784011149287  0.091126173915120  0.186347179815219  0.271923823166267  0.286499121879536
rreps4wk 0.004684004545137  0.007532468422453  0.023645453619566  0.090841815704382  0.186347179815219  0.366908868836931  0.307057694867892
rreps0d0 0.000000000000000  0.000000000000000  0.000000000000000  0.000000000000000  0.000000000000000  0.000000000000000  1.000000000000000
rreps0d1wk 0.000000000000000  0.000000000000000  0.000000000000000  0.000000000000000  0.000000000000000  0.000000000000000  1.000000000000000
rreps0d2wk 0.581534128730224  0.101317282806467  0.027589515262626  0.011177863214608  0.010556867837326  0.002297020131563  0.000000000000000
rreps0d3wk 0.006793113026648  0.005340369821411  0.020784011149287  0.091126173915120  0.186347179815219  0.271923823166267  0.286499121879536
rreps0d4wk 0.004684004545137  0.007532468422453  0.023645453619566  0.090841815704382  0.186347179815219  0.366908868836931  0.307057694867892
rreps7m0 0.681762935891322  0.207449930426869  0.002435137829953  0.008248595443056  0.008170199860751  0.001331012030766  0.069580824633944
rreps7m1wk 0.733870419581099  0.168081669908820  0.008484696544229  0.008593524247239  0.008652872758027  0.001334309335549  0.066796803253130
rreps7m2wk 0.564520531829962  0.069696674929968  0.027609263965908  0.010166030933780  0.010837715120476  0.001969028529875  0.066935625104116
rreps7m3wk 0.006793113026648  0.005340369821411  0.020726419364830  0.091126173915120  0.186347179815219  0.271923823166267  0.286499121879536
rreps7m4wk 0.004684004545137  0.007167249641350  0.023645453619566  0.090841815704382  0.186347179815219  0.366908868836931  0.307057694867892
lj1m0 0.000499756802839  0.002782925236911  0.014444947525340  0.062679255182741  0.246377910695797  0.351348904040344  0.325248918257423
lj1m1wk 0.000507476039957  0.003331485308200  0.017080505771795  0.071314107848245  0.231612812610683  0.326945678281935  0.351888793443878
lj1m2wk 0.000552430745964  0.004786087977274  0.020122194851431  0.080979439163272  0.224625695768369  0.322160480543725  0.350724440661033
lj1m3wk 0.000731544116600  0.005815346535742  0.023500099842988  0.095968852898773  0.212643440168955  0.351562421248929  0.316106221806478
lj1m4wk 0.002678189364446  0.010294358079246  0.025826496317167  0.095968852898773  0.194169757320881  0.370572633792266  0.311574965935253
lj1u0 0.000359712613035  0.001450268198087  0.006525825279812  0.027596315336429  0.165865696196221  0.424351873186487  0.383524225914406
lj1u1wk 0.000973524327635  0.003041681366867  0.012653777056265  0.044795022417084  0.187023083513936  0.398935639862406  0.368261963140992
lj1u2wk 0.000937533659986  0.004165616652386  0.016556406276057  0.065336049365068  0.194226914428909  0.389517435450424  0.347197353159692
lj1u3wk 0.000474362546544  0.005208695233870  0.020213815304387  0.091126173915120  0.194747400044245  0.383372813870269  0.316106221806478
lj1u4wk 0.001363431774203  0.007532468422453  0.023940150164050  0.090841815704382  0.187627476764116  0.379026663343594  0.311574965935253
lj2m0 0.000520823999570  0.003492988966871  0.017074492213094  0.070240911989280  0.249694736712513  0.357340258763930  0.304250650360497
lj2m1wk 0.000642600263804  0.003958394259753  0.019453404566302  0.076238082990963  0.232984712510625  0.334740061423330  0.335888296767942
lj2m2wk 0.000737925840480  0.004795173807906  0.020632528135957  0.083119049347964  0.224636484965793  0.335048131095515  0.337539690539791
lj2m3wk 0.000706338317734  0.005867334124907  0.023906228490270  0.094925008298217  0.207558613180034  0.351839302334029  0.316106221806478
lj2m4wk 0.002442046022378  0.010201360446742  0.025815865325776  0.094114814062991  0.190346121851131  0.374843757875107  0.311574965935253
lj2u0 0.000376858485815  0.001517152901159  0.007427912855824  0.031601495636634  0.168128512785765  0.427649683433870  0.372672598275192
lj2u1wk 0.000721604996071  0.002610366286597  0.011567699750146  0.047099175698718  0.184450175218475  0.400244550011859  0.360578916448187
lj2u2wk 0.000890556236336  0.003608318382614  0.015320660342039  0.059745425527510  0.184276246156948  0.387097424524974  0.351398055492445
lj2u3wk 0.000341973594753  0.004736028715290  0.020213815304387  0.090841815704382  0.192045582999717  0.379026663343594  0.318099759870012
lj2u4wk 0.001127979700746  0.007532468422453  0.023645453619566  0.090841815704382  0.186347179815219  0.379026663343594  0.312314948370532
lj5m0 0.000511566957311  0.004113328380040  0.020191774608135  0.072088051496500  0.252891186743955  0.411017797155314  0.239893502966193
lj5m1wk 0.000534247727053  0.004313014804256  0.021169547905852  0.077836343987732  0.223453331247009  0.377472227860899  0.300194321161882
lj5m2wk 0.000627969368937  0.004880637948543  0.020989647156530  0.079975740058328  0.208015883706388  0.373792237414814  0.313068575729576
lj5m3wk 0.000491403934034  0.005815346535742  0.020784011149287  0.090841815704382  0.196788143654897  0.377730190975968  0.325649476001130
lj5m4wk 0.001994926900891  0.007093786444092  0.023548814849756  0.090841815704382  0.186347179815219  0.378772944332831  0.314978912666212
lj5u0 0.000287821386271  0.001232864824751  0.006656486943189  0.033480758112231  0.157201873580167  0.405138757779363  0.394944655740452
lj5u1wk 0.000349345169454  0.001606985443023  0.008088014284754  0.041389200941426  0.160483401125655  0.394027890926341  0.398629859952475
lj5u2wk 0.000525022624330  0.002100096772459  0.009649186503953  0.047848688453866  0.162947090854753  0.380320562826039  0.393051541075014
lj5u3wk 0.000332155328998  0.004602831512953  0.018322348609432  0.090841815704382  0.186347179815219  0.379026663343594  0.370267791199104
lj5u4wk 0.000672290365600  0.006713542764699  0.023548814849756  0.090841815704382  0.186347179815219  0.378772944332831  0.314978912666212
lj1c0 0.022707228502281  0.042618032022322  0.102857380837459  0.176414012318126  0.007652287570532  0.084312917266448  0.558277052567915
lj1c1wk 0.036486215553847  0.033447211651550  0.100446349097430  0.193582799759091  0.008695378257144  0.109985348955419  0.519913460593816
lj1c2wk 0.016952490154046  0.041025225584526  0.089878330220650  0.149211037667668  0.054876277694959  0.277772615729159  0.347197353159692
lj1c3wk 0.006793113026648  0.012717145405466  0.027828802351212  0.108011366468917  0.194747400044245  0.365099863801724  0.304147789596784
lj1c4wk 0.004684004545137  0.011744296323543  0.025826496317167  0.094925008298217  0.192136404562170  0.374843757875107  0.307057694867892
lj2c0 0.024582459113944  0.049094355560271  0.121774203758488  0.209290691605095  0.007843434580737  0.081619773357310  0.486635960610798
lj2c1wk 0.043096425261565  0.042162780050332  0.116897441408005  0.224110125130864  0.008525275943753  0.104846804748134  0.450826096799409
lj2c2wk 0.029280278211784  0.040025757361710  0.102425559522530  0.160471907908301  0.052096637094053  0.247044967346328  0.339614752340791
lj2c3wk 0.006793113026648  0.012717145405466  0.027828802351212  0.108011366468917  0.194747400044245  0.349406883527379  0.294777069772701
lj2c4wk 0.004684004545137  0.011744296323543  0.025826496317167  0.096890064694181  0.186722166298216  0.367780684967178  0.307057694867892
lj5c0 0.057861386865015  0.074465022456333  0.178372249972300  0.315637970638278  0.005852779597803  0.065331698795026  0.287780457807444
lj5c1wk 0.060345858623827  0.072705781515012  0.185114666848915  0.324379270921017  0.005879239957663  0.070064456053273  0.270495130882167
lj5c2wk 0.048324199799084  0.071211128471347  0.150345231566878  0.240791233236355  0.043497157355636  0.155385605031806  0.247960356186401
lj5c3wk 0.006793113026648  0.012717145405466  0.027828802351212  0.108011366468917  0.186722166298216  0.271923823166267  0.286499121879536
lj5c4wk 0.004684004545137  0.011744296323543  0.025826496317167  0.096769635529233  0.186347179815219  0.366908868836931  0.307057694867892
fg5uf1u0 0.001095320275532  0.003189698991513  0.012209392575256  0.059532837858335  0.195210286644973  0.417578576951675  0.310849926516388
fg5uf1u1wk 0.002237139535746  0.004475496152288  0.012479944661677  0.068637405587161  0.195519898510548  0.408408523482613  0.307340366296921
fg5uf1u2wk 0.002222742030977  0.005189801506110  0.013744550067901  0.070092373581726  0.186792866245543  0.412748279085408  0.311937402348672
fg5uf1u3wk 0.000722163538123  0.004925999231928  0.018322348609432  0.090841815704382  0.186347179815219  0.388455574871964  0.316106221806478
fg5uf1u4wk 0.001251816630309  0.006713542764699  0.023548814849756  0.090841815704382  0.186347179815219  0.386988788918971  0.312314948370532
fg5mf1u0 0.000655064550237  0.004249493083314  0.021678679847093  0.074808151816705  0.243715271940995  0.377205062561425  0.278660305066357
fg5mf1u1wk 0.000662315731096  0.005056209846433  0.024659795373217  0.080714392542001  0.235651778236470  0.355232932600892  0.298494010995412
fg5mf1u2wk 0.000785205286830  0.005722032947959  0.023566662459849  0.083193219152150  0.220077192480881  0.364660299380072  0.300451136704128
fg5mf1u3wk 0.000919661301311  0.006713542764699  0.021093618113419  0.090841815704382  0.203420205179874  0.376443007291553  0.308524484459145
fg5mf1u4wk 0.002108117401879  0.007532468422453  0.023645453619566  0.090841815704382  0.186347179815219  0.386988788918971  0.312314948370532
fg5uf1m0 0.288374662948907  0.014291658817908  0.029070904237079  0.045281075749912  0.161017329238445  0.251103539957377  0.186562595482215
fg5uf1m1wk 0.001821117914179  0.312526055259422  0.010919746712801  0.055155563962032  0.162917960021708  0.255416577323518  0.197572360484155
fg5uf1m2wk 0.003175260801875  0.012717145405466  0.019048189247629  0.068428326822053  0.167272480102023  0.267347029207831  0.202269932057268
fg5uf1m3wk 0.002885031391170  0.008445245572259  0.027589515262626  0.095968852898773  0.194747400044245  0.322160480543725  0.286499121879536
fg5uf1m4wk 0.003270318335607  0.011269279712946  0.025826496317167  0.095968852898773  0.190112891997411  0.367780684967178  0.307057694867892
fg5mf1m0 0.389880399304315  0.021048596190728  0.025929786043492  0.074215652320271  0.181212203057939  0.155637409600012  0.159861380391497
fg5mf1m1wk 0.356172985360138  0.011533972131180  0.019543552213781  0.061484399359985  0.172723149034827  0.191651489344765  0.196761514501221
fg5mf1m2wk 0.292606270897327  0.018207563596700  0.025826496317167  0.078825182710913  0.174597266233157  0.204549393897313  0.195252255430674
fg5mf1m3wk 0.002885031391170  0.011744296323543  0.025826496317167  0.095148064838768  0.194747400044245  0.322160480543725  0.286499121879536
fg5mf1m4wk 0.003359826738347  0.011744296323543  0.025826496317167  0.094925008298217  0.186722166298216  0.366908868836931  0.307057694867892
fg8uf05m0 0.540734042088840  0.009022671968093  0.044706367280958  0.032276598961746  0.121042069813798  0.144349344858994  0.108167755270660
fg8uf05m1wk 0.517961316411556  0.004485675525698  0.006344330682944  0.041486376237116  0.124735940841956  0.154604586290189  0.113029837205786
fg8uf05m2wk 0.006234933802267  0.013730500131335  0.025826496317167  0.052850000727484  0.137162383467753  0.163634362730660  0.109079663483383
fg8uf05m3wk 0.003359826738347  0.007532468422453  0.027633481230370  0.095968852898773  0.186722166298216  0.322160480543725  0.286499121879536
fg8uf05m4wk 0.003270318335607  0.009422039752908  0.025853138798016  0.095968852898773  0.186722166298216  0.337593871276649  0.292554464330226
fg2uf05m0 0.003366319357894  0.128153198065706  0.013232950640501  0.054865477091756  0.193722739204097  0.340818122704571  0.269934556423016
fg2uf05m1wk 0.001675409462476  0.125562540641148  0.015026964366715  0.061687348119724  0.192394054007261  0.339326929028949  0.276243636913462
fg2uf05m2wk 0.002156163319421  0.115758378081530  0.020828866175875  0.075995413537624  0.203265089935202  0.338441597288000  0.276363787690128
fg2uf05m3wk 0.002755088906640  0.011744296323543  0.025826496317167  0.095968852898773  0.197764130373951  0.351839302334029  0.286499121879536
fg2uf05m4wk 0.003270318335607  0.011269279712946  0.025853138798016  0.095968852898773  0.194747400044245  0.362429613926199  0.293132906607530
fg5mf1c0 0.186198801099981  0.056994946327127  0.078542481121802  0.130448991651847  0.183733244095352  0.138089218615540  0.182405866427306
fg5mf1c1wk 0.149681938388964  0.067731761079551  0.091234841445691  0.144211755582315  0.178824152008467  0.149172519560610  0.201374602031230
fg5mf1c2wk 0.177479124020276  0.019584098128662  0.042031549934046  0.104258367551919  0.185498028729716  0.169619130541736  0.197882659546147
fg5mf1c3wk 0.006234933802267  0.012717145405466  0.027828802351212  0.096890064694181  0.194747400044245  0.271923823166267  0.286499121879536
fg5mf1c4wk 0.004673639128293  0.011744296323543  0.025826496317167  0.095968852898773  0.194747400044245  0.366908868836931  0.307057694867892
fg5mf1c0d0 0.000668396904238  0.005120390580617  0.013553389803993  0.044136622724585  0.156714505238441  0.176815615165715  0.606690672670203
fg5mf1c0d1wk 0.000647123397675  0.005513734483274  0.014690539791341  0.047054058561456  0.149964079434134  0.176302108664873  0.604041452100854
fg5mf1c0d2wk 0.001742437527178  0.006713542764699  0.017117470273096  0.052878876806099  0.148534787664563  0.183595546871373  0.590152483074021
fg5mf1c0d3wk 0.002885031391170  0.005815346535742  0.018821057874354  0.090841815704382  0.186347179815219  0.271923823166267  0.496632170758815
fg5mf1c0d4wk 0.003270318335607  0.008017611214681  0.023548814849756  0.090841815704382  0.186347179815219  0.366908868836931  0.314978912666212
fg8uf05c0d0 0.000514616539204  0.001515404184262  0.004570442478632  0.026904446726203  0.094969635985897  0.103975495574811  0.764346914412802
fg8uf05c0d1wk 0.002749087503628  0.003097862997783  0.005781005694653  0.032142127025369  0.099294815505098  0.105592417806678  0.738125598508140
fg8uf05c0d2wk 0.131213903391368  0.001710712348310  0.007200126445682  0.033549216269341  0.102386709207837  0.111950022918839  0.466159981850096
fg8uf05c0d3wk 0.002885031391170  0.004182259170439  0.018322348609432  0.090841815704382  0.186347179815219  0.271923823166267  0.347197353159692
fg8uf05c0d4wk 0.003270318335607  0.004602831512953  0.018821057874354  0.090841815704382  0.186347179815219  0.322160480543725  0.347197353159692
fg2uf05c0d0 0.002475041889059  0.001889902540320  0.006926897691354  0.028464621383530  0.151944200810258  0.323627829332182  0.476929944086830
fg2uf05c0d1wk 0.010871195324393  0.004388098094528  0.012099888253266  0.046984968261961  0.167693258801558  0.312450673467779  0.435134539365856
fg2uf05c0d2wk 0.009712435521059  0.004735186905868  0.016647592379803  0.066242413186031  0.175736605481128  0.312442037724734  0.395323691851621
fg2uf05c0d3wk 0.002885031391170  0.005815346535742  0.020784011149287  0.091126173915120  0.186722166298216  0.347548170385673  0.349091687832601
fg2uf05c0d4wk 0.002885031391170  0.005340369821411  0.020974269593217  0.090841815704382  0.186722166298216  0.349406883527379  0.334405013512922
fg8uf05c7m0 0.508623266041109  0.014986161024565  0.014387394764866  0.112625195149608  0.128390706113603  0.104544412709698  0.114584638516477
fg8uf05c7m1wk 0.502443785108076  0.023296035077839  0.015541051358298  0.091673806763772  0.119820343167616  0.107473085834139  0.124801408954215
fg8uf05c7m2wk 0.438721134850942  0.020989755852945  0.018821057874354  0.095968852898773  0.130313005406467  0.116473701870739  0.121627970392176
fg8uf05c7m3wk 0.006234933802267  0.005674038925266  0.021093618113419  0.094925008298217  0.194675148309628  0.271923823166267  0.286499121879536
fg8uf05c7m4wk 0.004684004545137  0.011269279712946  0.025815865325776  0.094925008298217  0.194747400044245  0.366908868836931  0.307057694867892
fg2uf05c7m0 0.104589408617396  0.006399697364086  0.016270784793315  0.058482235917281  0.182673982286879  0.301760046758435  0.328829343937997
fg2uf05c7m1wk 0.115304152869980  0.017398649370176  0.019319136907363  0.066651346006325  0.173740484527947  0.290875163527535  0.317760192347263
fg2uf05c7m2wk 0.118222791276017  0.011058968504834  0.020938460438854  0.081249225801216  0.178293174663517  0.295402551862426  0.308986987303564
fg2uf05c7m3wk 0.004049695075853  0.010399661283297  0.023548814849756  0.095968852898773  0.197764130373951  0.341113334762824  0.294777069772701
fg2uf05c7m4wk 0.003359826738347  0.011269279712946  0.025826496317167  0.094925008298217  0.194747400044245  0.367780684967178  0.307057694867892
fg8uf05c0 0.551187728798418  0.014628798951666  0.013481494750298  0.096104776054024  0.129995713443112  0.113853139295981  0.096120830832877
fg8uf05c1wk 0.588347280498628  0.007325199694233  0.011498716830947  0.072373491009610  0.126135275439746  0.120607325379710  0.100705589632224
fg8uf05c2wk 0.466317744021975  0.008445245572259  0.020213815304387  0.097892914193642  0.136645551507178  0.127676125556048  0.098910678244338
fg8uf05c3wk 0.006234933802267  0.005815346535742  0.021093618113419  0.094925008298217  0.194747400044245  0.271923823166267  0.286499121879536
fg8uf05c4wk 0.004684004545137  0.011269279712946  0.025198919148605  0.094925008298217  0.194747400044245  0.366908868836931  0.307057694867892
fg2uf05c0 0.130238043423306  0.005081838324637  0.013311255594725  0.057856111562702  0.181847606902065  0.316466135163104  0.304765271135039
fg2uf05c1wk 0.140820885640695  0.009318504607209  0.019376543520992  0.066315161540519  0.181757331557185  0.302642205493793  0.290655608591160
fg2uf05c2wk 0.115248049043376  0.010411171647176  0.021670055993849  0.084268067129976  0.193212947468477  0.308869330722452  0.287175057897592
fg2uf05c3wk 0.004086235572804  0.008900366368325  0.023548814849756  0.095968852898773  0.197764130373951  0.345641220050905  0.286499121879536
fg2uf05c4wk 0.003359826738347  0.011744296323543  0.025815865325776  0.094925008298217  0.194747400044245  0.366908868836931  0.307057694867892
fg8cf05c0 0.637714132468121  0.028516235753914  0.066086940909268  0.096086758683452  0.002069187334715  0.049651236795906  0.130948587123290
fg8cf05c1wk 0.640664121147374  0.025513320490532  0.057577536121974  0.102836341574397  0.002140769114460  0.048418925903303  0.129133746128027
fg8cf05c2wk 0.648799228075191  0.017962765393153  0.040815759910812  0.086971422811350  0.015432718388129  0.085942718979012  0.109542043559806
fg8cf05c3wk 0.006793113026648  0.011026822919233  0.027828802351212  0.094925008298217  0.186722166298216  0.271923823166267  0.286499121879536
fg8cf05c4wk 0.004684004545137  0.010817491120082  0.025826496317167  0.091816927609308  0.186722166298216  0.366908868836931  0.307057694867892
fg2cf05c0 0.147366960761931  0.026050413439848  0.070091906875320  0.132783289296575  0.006826772844111  0.102023381871148  0.507631738797846
fg2cf05c1wk 0.072473549098085  0.048279824734324  0.092600820290951  0.140306072917035  0.008369033818860  0.121734514534667  0.466411723199436
fg2cf05c2wk 0.112955344590782  0.020890622108183  0.057479874323349  0.096890064694181  0.055650476479307  0.255628396231118  0.347197353159692
fg2cf05c3wk 0.006793113026648  0.012717145405466  0.027828802351212  0.096890064694181  0.194747400044245  0.351839302334029  0.294777069772701
fg2cf05c4wk 0.004684004545137  0.011744296323543  0.025826496317167  0.094925008298217  0.189697812636005  0.367780684967178  0.307057694867892
fg5cf1cA0 0.300442266014818  0.056221170929747  0.109925154982108  0.153866660449709  0.004156796532433  0.080909646196495  0.307803883866765
fg5cf1cA1wk 0.302197867407237  0.048397924079067  0.102874466603734  0.171797469501636  0.004716244140920  0.084876747553532  0.293321594686536
fg5cf1cA2wk 0.231092740704297  0.031027977121569  0.077096578832838  0.106598624068985  0.041582483672415  0.167625616467729  0.274509691042607
fg5cf1cA3wk 0.006793113026648  0.012717145405466  0.027828802351212  0.096890064694181  0.186722166298216  0.271923823166267  0.286499121879536
fg5cf1cA4wk 0.004684004545137  0.011744296323543  0.025826496317167  0.094925008298217  0.186722166298216  0.366908868836931  0.307057694867892
fg5cf1cB0 0.308115770374477  0.046654992495175  0.103242539726657  0.153824152008467  0.004331938914369  0.081999931656935  0.307972883890269
fg5cf1cB1wk 0.224728906591752  0.076810147322060  0.116541039354432  0.179516263406292  0.004970767602439  0.087229243997557  0.291958919051888
fg5cf1cB2wk 0.322571799827866  0.025649037385042  0.063604254381109  0.098431768646005  0.039957200155480  0.168522857570168  0.274841260197991
fg5cf1cB3wk 0.006793113026648  0.012717145405466  0.027828802351212  0.096890064694181  0.186722166298216  0.271923823166267  0.286499121879536
fg5cf1cB4wk 0.004684004545137  0.011744296323543  0.025826496317167  0.094925008298217  0.186722166298216  0.366908868836931  0.307057694867892
fg5cf1cC0 0.328477060223055  0.042884595368056  0.097989795084673  0.153283021317506  0.004145456378207  0.079028076185432  0.309651044987717
fg5cf1cC1wk 0.286504284878079  0.047173440429793  0.108809047642434  0.177824746052577  0.004810745426138  0.084322528009978  0.293205071354357
fg5cf1cC2wk 0.203846780449543  0.034739586709103  0.068083316875509  0.098431768646005  0.042571322395595  0.167193030559848  0.274841260197991
fg5cf1cC3wk 0.006793113026648  0.012717145405466  0.027828802351212  0.096890064694181  0.186722166298216  0.271923823166267  0.286499121879536
fg5cf1cC4wk 0.004684004545137  0.011744296323543  0.025826496317167  0.094925008298217  0.186722166298216  0.366908868836931  0.307057694867892
fg5cf1cb1f1wk 0.003556091127065  0.010865246544173  0.025799695029388  0.090812983473793  0.185611880848594  0.384260166022937  0.307392105587862
fg5cf1cb1f2wk 0.003179150554627  0.011742923845300  0.025921307314613  0.090882394399286  0.185783340697314  0.384260166022937  0.307425703928629
fg5cf1cb1f3wk 0.003359826738347  0.011710599264150  0.025853138798016  0.090841815704382  0.186347179815219  0.385202392013914  0.307267345999927
fg5cf1cb1t1wk 0.110416219950921  0.138853888412882  0.158389496828539  0.205970094502580  0.011084370747442  0.080772960066293  0.282957375284585
fg5cf1cb1t2wk 0.182188397762210  0.031531226142296  0.067345695965229  0.104549559624742  0.048855680803714  0.175779667881733  0.263685704877414
fg5cf1cb1t3wk 0.006793113026648  0.011744296323543  0.027828802351212  0.095968852898773  0.186722166298216  0.271923823166267  0.286499121879536
fg5cf1cb2f1wk 0.005082479408895  0.010711915397021  0.024747342315383  0.090943262441641  0.186135053207508  0.382503013460684  0.312241771824794
fg5cf1cb2f2wk 0.003860815286017  0.012717145405466  0.025446056475281  0.090574850606331  0.186069107111847  0.382657463813290  0.312294829885051
fg5cf1cb2f3wk 0.004960920431436  0.011744296323543  0.025408202209088  0.090841815704382  0.186347179815219  0.386888060428141  0.312829116266851
fg5cf1cb2t1wk 0.240132245316405  0.046296019443602  0.125406971083089  0.200722294621738  0.018630613376342  0.082339511261656  0.269311176745658
fg5cf1cb2t2wk 0.179543034332305  0.024078504698722  0.088973948859920  0.128121346911043  0.050189438433577  0.167027612989303  0.254457511162488
fg5cf1cb2t3wk 0.006793113026648  0.009065067850451  0.027828802351212  0.097458377258456  0.186722166298216  0.271923823166267  0.286499121879536
fg5cf1cb3f1wk 0.004267596385420  0.014482932261414  0.027564148381102  0.090856765749873  0.184765005885507  0.377839809124166  0.312386207655492
fg5cf1cb3f2wk 0.005187780840080  0.013231439947583  0.027589515262626  0.089158867726269  0.184829741070051  0.378832019572665  0.313814845055726
fg5cf1cb3f3wk 0.003359826738347  0.012717145405466  0.027589515262626  0.090841815704382  0.186347179815219  0.385731921194506  0.313713763837377
fg5cf1cb3t1wk 0.160131110327096  0.078538128118542  0.082059101658091  0.251760243939318  0.031898057775519  0.099238796369094  0.226448142373943
fg5cf1cb3t2wk 0.212013400246638  0.031942330409633  0.044694818047156  0.151087539089371  0.068156189532405  0.160821027165969  0.226414501459127
fg5cf1cb3t3wk 0.006793113026648  0.012717145405466  0.027609263965908  0.100243379287509  0.186722166298216  0.271923823166267  0.286499121879536
fg5cf1cb4f1wk 0.000396331048939  0.008939821581574  0.037378872680987  0.099979742381289  0.179491246184670  0.356635217878160  0.310153280208430
fg5cf1cb4f2wk 0.001307588371181  0.008545049539602  0.033712466385349  0.096890064694181  0.179608848436591  0.362359130276868  0.310322948185698
fg5cf1cb4f3wk 0.006234933802267  0.009145758102535  0.027828802351212  0.090841815704382  0.186347179815219  0.378772944332831  0.316416058609790
fg5cf1cb4t1wk 0.335122182266228  0.086085887972101  0.132831780062698  0.065576238824841  0.035771187418042  0.147474878482304  0.190328306292140
fg5cf1cb4t2wk 0.170710997321042  0.037086439384233  0.074799275724871  0.091816927609308  0.090035581108268  0.199676175595988  0.204369822540440
fg5cf1cb4t3wk 0.006793113026648  0.012717145405466  0.027828802351212  0.094925008298217  0.186722166298216  0.271923823166267  0.286499121879536
fg5cf1cb5f1wk 0.008539192979248  0.010646984091425  0.025344903668651  0.125686094228251  0.220457797796081  0.292591666071046  0.310955176597542
fg5cf1cb5f2wk 0.006234933802267  0.009665737497915  0.025990455401755  0.118335917346116  0.214380104689319  0.304076725885357  0.312221892009624
fg5cf1cb5f3wk 0.006234933802267  0.008459954082256  0.025826496317167  0.092061363796614  0.186347179815219  0.338729610600244  0.319273088535853
fg5cf1cb5t1wk 0.284536721690537  0.068778270340553  0.115049527810775  0.145156398833042  0.009999285254807  0.115964417116073  0.259259038134699
fg5cf1cb5t2wk 0.348931128960685  0.029873563557945  0.073470081069561  0.097892914193642  0.051786957580314  0.207707263572461  0.248441781031050
fg5cf1cb5t3wk 0.006793113026648  0.012717145405466  0.027828802351212  0.095968852898773  0.186722166298216  0.271923823166267  0.286499121879536
fg5cf1cb6f1wk 0.000633132259833  0.037386726913545  0.041625107375638  0.161753819808080  0.243664384293055  0.273605814762585  0.223251096214909
fg5cf1cb6f2wk 0.006793113026648  0.014182519049341  0.027828802351212  0.097892914193642  0.214788937474239  0.269462224686256  0.237123065711855
fg5cf1cb6f3wk 0.006793113026648  0.011393727161698  0.025826496317167  0.091816927609308  0.197764130373951  0.277448062307217  0.286499121879536
fg5cf1cb6t1wk 0.037121057247806  0.084581801761501  0.110823549525278  0.194908510550190  0.048279036191924  0.240664059872991  0.264612006146176
fg5cf1cb6t2wk 0.079570331001788  0.045256486546063  0.084079600940255  0.166234137063143  0.066937760824901  0.278652303767037  0.254368284373288
fg5cf1cb6t3wk 0.006793113026648  0.012717145405466  0.027828802351212  0.108011366468917  0.186722166298216  0.335269101565292  0.286499121879536
fg5cf1cb7f1wk 0.221286439165650  0.016112628029558  0.045764224968285  0.078842428183384  0.044224081447508  0.373174421652014  0.213761227455745
fg5cf1cb7f2wk 0.098102935416943  0.012509282630322  0.033606308317543  0.096890064694181  0.130089956559439  0.386035254782741  0.217658915628647
fg5cf1cb7f3wk 0.006793113026648  0.005774485557891  0.023940150164050  0.096890064694181  0.186722166298216  0.387822393975165  0.286499121879536
fg5cf1cb7t1wk 0.151311814496832  0.026532106361424  0.045454220570367  0.122703566226566  0.190993529873272  0.195096452675649  0.279190816995111
fg5cf1cb7t2wk 0.077677905773623  0.024838834842994  0.040458980304743  0.107713625989492  0.204261710526463  0.198943995685972  0.277530495550599
fg5cf1cb7t3wk 0.006793113026648  0.011744296323543  0.027828802351212  0.097892914193642  0.194747400044245  0.271923823166267  0.292554464330226
fg5cf1cb15f1wk 0.008819237697163  0.010472004299033  0.026902101018608  0.125796404644618  0.219133380374882  0.292578068331234  0.310958607975756
fg5cf1cb15f2wk 0.011052453841116  0.012203508562105  0.027334238677245  0.100394457787490  0.209550689147641  0.307412888333408  0.313098366857557
fg5cf1cb15f3wk 0.006234933802267  0.008996259500155  0.025826496317167  0.094925008298217  0.189188749068733  0.333934803793952  0.317087646115927
fg5cf1cb15t1wk 0.144324900866377  0.148157785699845  0.154974423905899  0.166689699991891  0.013262940375989  0.124572321912922  0.251794402982497
fg5cf1cb15t2wk 0.094295223084651  0.121475472935081  0.149259148284288  0.153029660582638  0.056700183244843  0.206443427917947  0.227868326439516
fg5cf1cb15t3wk 0.006793113026648  0.012717145405466  0.027828802351212  0.094925008298217  0.186722166298216  0.271923823166267  0.286499121879536
fg5cf1cb56f1wk 0.031369285496676  0.015446414396552  0.037903617582988  0.203097869441863  0.261588628643889  0.203799978015983  0.244681089267322
fg5cf1cb56f2wk 0.004913006630440  0.017163353591816  0.041100481475608  0.202149107646959  0.249711865256108  0.211001176829534  0.248235049210451
fg5cf1cb56f3wk 0.006793113026648  0.008445245572259  0.024501570626497  0.094925008298217  0.199973827209731  0.271923823166267  0.292554464330226
fg5cf1cb56t1wk 0.054373727610686  0.083306992776992  0.109974269173040  0.170445583064413  0.040154226097475  0.290380876414577  0.249690602901189
fg5cf1cb56t2wk 0.161555617156393  0.021500712626490  0.057497790911827  0.112247801911312  0.046977218890177  0.331514306816287  0.240622188386740
fg5cf1cb56t3wk 0.006793113026648  0.012717145405466  0.027828802351212  0.098875806819307  0.186347179815219  0.363406445375253  0.286499121879536
fg5cf1cb67f1wk 0.529115215966937  0.010081669962796  0.035649451333330  0.069924566341895  0.052591855249231  0.185855257635499  0.159665850019754
fg5cf1cb67f2wk 0.188492673595489  0.011642313999566  0.027828802351212  0.097892914193642  0.203650417056426  0.212312887455269  0.151098424913512
fg5cf1cb67f3wk 0.006793113026648  0.006287168052139  0.023940150164050  0.094925008298217  0.194747400044245  0.283223925647972  0.286499121879536
fg5cf1cb67t1wk 0.026594559989972  0.027450752162025  0.041299687285035  0.100374220090536  0.189260431726407  0.271494580330038  0.339179175662118
fg5cf1cb67t2wk 0.015996064100780  0.018382098496538  0.035967534559615  0.097892914193642  0.191926317363777  0.290901623478388  0.338177390834624
fg5cf1cb67t3wk 0.006234933802267  0.011807620583640  0.027828802351212  0.093279012698640  0.186347179815219  0.322160480543725  0.324324055389049
fg5cf1cb567f1wk 0.455283631816480  0.019271230190373  0.061799538095322  0.107469037700693  0.074853809912307  0.151223405522598  0.171130118241350
fg5cf1cb567f2wk 0.018260716640071  0.015468715283963  0.030685223253514  0.107618633653965  0.126085480088675  0.182115992214807  0.173050220256202
fg5cf1cb567f3wk 0.006793113026648  0.006713542764699  0.023940150164050  0.095968852898773  0.189170152714077  0.271923823166267  0.286499121879536
fg5cf1cb567t1wk 0.014435511941363  0.015598024490756  0.038441788116527  0.088695126253717  0.167323189329915  0.350867301068107  0.322917564155455
fg5cf1cb567t2wk 0.007442986933660  0.014601224611470  0.034676342570882  0.088256129829696  0.170386242478581  0.362429613926199  0.323908982732851
fg5cf1cb567t3wk 0.006234933802267  0.010392180859818  0.027828802351212  0.090841815704382  0.186347179815219  0.375189264978831  0.318308807083142
